CD_LOC;UF;aptos;comparecimentos;abstencoes;validos;votos_cand;pct_validos_local;pct_votos_cand_no_local;pct_votos_local_em_cand
SP00001;SP;10045,000;6633,000;3412,000;6086,000;4,000;0,066;0,073;0,060
SP00005;SP;7574,000;4851,000;2723,000;4286,000;1,000;0,023;0,018;0,021
SP00008;SP;4250,000;2710,000;1540,000;2422,000;2,000;0,083;0,037;0,074
SP00010;SP;9269,000;6039,000;3230,000;5553,000;1,000;0,018;0,018;0,017
SP00011;SP;7822,000;5249,000;2573,000;4769,000;2,000;0,042;0,037;0,038
SP00012;SP;9441,000;6116,000;3325,000;5498,000;3,000;0,055;0,055;0,049
SP00014;SP;7153,000;4433,000;2720,000;3934,000;1,000;0,025;0,018;0,023
SP00015;SP;4890,000;3200,000;1690,000;2777,000;2,000;0,072;0,037;0,062
SP00017;SP;6847,000;4140,000;2707,000;3704,000;3,000;0,081;0,055;0,072
SP00018;SP;5238,000;3256,000;1982,000;2906,000;1,000;0,034;0,018;0,031
SP00019;SP;4798,000;3546,000;1252,000;3272,000;4,000;0,122;0,073;0,113
SP00022;SP;5474,000;3858,000;1616,000;3218,000;3,000;0,093;0,055;0,078
SP00027;SP;3011,000;1933,000;1078,000;1784,000;2,000;0,112;0,037;0,103
SP00029;SP;17797,000;12599,000;5198,000;11769,000;4,000;0,034;0,073;0,032
SP00031;SP;6412,000;4268,000;2144,000;3816,000;2,000;0,052;0,037;0,047
SP00032;SP;11991,000;8507,000;3484,000;8030,000;2,000;0,025;0,037;0,024
SP00033;SP;7735,000;5271,000;2464,000;4792,000;1,000;0,021;0,018;0,019
SP00035;SP;5608,000;3859,000;1749,000;3432,000;1,000;0,029;0,018;0,026
SP00036;SP;6716,000;4776,000;1940,000;4457,000;3,000;0,067;0,055;0,063
SP00037;SP;5446,000;3922,000;1524,000;3606,000;2,000;0,055;0,037;0,051
SP00038;SP;8044,000;5650,000;2394,000;5177,000;1,000;0,019;0,018;0,018
SP00039;SP;6391,000;4336,000;2055,000;3981,000;2,000;0,050;0,037;0,046
SP00040;SP;7288,000;5434,000;1854,000;4999,000;8,000;0,160;0,147;0,147
SP00041;SP;4585,000;3191,000;1394,000;2950,000;2,000;0,068;0,037;0,063
SP00042;SP;3797,000;2921,000;876,000;2677,000;1,000;0,037;0,018;0,034
SP00043;SP;3049,000;2192,000;857,000;1985,000;1,000;0,050;0,018;0,046
SP00045;SP;3377,000;2532,000;845,000;2298,000;2,000;0,087;0,037;0,079
SP00046;SP;8211,000;6097,000;2114,000;5678,000;1,000;0,018;0,018;0,016
SP00047;SP;4672,000;3348,000;1324,000;3050,000;7,000;0,230;0,129;0,209
SP00048;SP;5609,000;4361,000;1248,000;4021,000;3,000;0,075;0,055;0,069
SP00050;SP;1956,000;1443,000;513,000;1344,000;1,000;0,074;0,018;0,069
SP00051;SP;9919,000;6324,000;3595,000;5895,000;2,000;0,034;0,037;0,032
SP00052;SP;5165,000;3133,000;2032,000;2746,000;1,000;0,036;0,018;0,032
SP00053;SP;6007,000;3594,000;2413,000;3140,000;1,000;0,032;0,018;0,028
SP00054;SP;5696,000;3753,000;1943,000;3197,000;1,000;0,031;0,018;0,027
SP00055;SP;8226,000;5391,000;2835,000;4660,000;4,000;0,086;0,073;0,074
SP00056;SP;5794,000;3640,000;2154,000;3156,000;1,000;0,032;0,018;0,027
SP00057;SP;4525,000;2909,000;1616,000;2485,000;2,000;0,080;0,037;0,069
SP00058;SP;5387,000;3548,000;1839,000;3095,000;4,000;0,129;0,073;0,113
SP00059;SP;6072,000;4040,000;2032,000;3525,000;1,000;0,028;0,018;0,025
SP00062;SP;4386,000;2971,000;1415,000;2589,000;2,000;0,077;0,037;0,067
SP00064;SP;6208,000;4037,000;2171,000;3511,000;1,000;0,028;0,018;0,025
SP00066;SP;2941,000;1926,000;1015,000;1623,000;1,000;0,062;0,018;0,052
SP00067;SP;1499,000;922,000;577,000;799,000;1,000;0,125;0,018;0,108
SP00071;SP;6547,000;4082,000;2465,000;3615,000;1,000;0,028;0,018;0,024
SP00072;SP;4862,000;3103,000;1759,000;2736,000;1,000;0,037;0,018;0,032
SP00073;SP;14871,000;9817,000;5054,000;8895,000;5,000;0,056;0,092;0,051
SP00075;SP;2374,000;1530,000;844,000;1347,000;1,000;0,074;0,018;0,065
SP00076;SP;7781,000;5170,000;2611,000;4521,000;1,000;0,022;0,018;0,019
SP00083;SP;12710,000;9298,000;3412,000;8373,000;2,000;0,024;0,037;0,022
SP00084;SP;8514,000;5960,000;2554,000;5282,000;1,000;0,019;0,018;0,017
SP00087;SP;7025,000;4901,000;2124,000;4319,000;2,000;0,046;0,037;0,041
SP00088;SP;8110,000;5666,000;2444,000;5056,000;2,000;0,040;0,037;0,035
SP00090;SP;5982,000;4272,000;1710,000;3906,000;1,000;0,026;0,018;0,023
SP00091;SP;6781,000;4661,000;2120,000;4098,000;2,000;0,049;0,037;0,043
SP00092;SP;8010,000;5674,000;2336,000;5030,000;1,000;0,020;0,018;0,018
SP00098;SP;5038,000;3701,000;1337,000;3156,000;1,000;0,032;0,018;0,027
SP00099;SP;4550,000;3344,000;1206,000;2841,000;1,000;0,035;0,018;0,030
SP00100;SP;4225,000;2928,000;1297,000;2539,000;2,000;0,079;0,037;0,068
SP00101;SP;8957,000;6780,000;2177,000;6001,000;3,000;0,050;0,055;0,044
SP00106;SP;4729,000;3001,000;1728,000;2772,000;2,000;0,072;0,037;0,067
SP00107;SP;5091,000;3438,000;1653,000;3201,000;1,000;0,031;0,018;0,029
SP00108;SP;7706,000;4996,000;2710,000;4672,000;3,000;0,064;0,055;0,060
SP00109;SP;3531,000;2268,000;1263,000;2068,000;1,000;0,048;0,018;0,044
SP00110;SP;4331,000;2860,000;1471,000;2625,000;1,000;0,038;0,018;0,035
SP00114;SP;11524,000;7280,000;4244,000;6663,000;1,000;0,015;0,018;0,014
SP00115;SP;6789,000;4670,000;2119,000;4276,000;1,000;0,023;0,018;0,021
SP00116;SP;13458,000;8809,000;4649,000;8195,000;2,000;0,024;0,037;0,023
SP00117;SP;12258,000;8026,000;4232,000;7396,000;2,000;0,027;0,037;0,025
SP00118;SP;11540,000;7496,000;4044,000;6933,000;1,000;0,014;0,018;0,013
SP00120;SP;7492,000;5053,000;2439,000;4694,000;1,000;0,021;0,018;0,020
SP00122;SP;2338,000;1648,000;690,000;1510,000;1,000;0,066;0,018;0,061
SP00123;SP;2390,000;1759,000;631,000;1653,000;1,000;0,060;0,018;0,057
SP00126;SP;3970,000;2788,000;1182,000;2578,000;1,000;0,039;0,018;0,036
SP00128;SP;9830,000;6546,000;3284,000;5910,000;2,000;0,034;0,037;0,031
SP00129;SP;8021,000;5609,000;2412,000;5146,000;1,000;0,019;0,018;0,018
SP00130;SP;7718,000;5325,000;2393,000;4865,000;1,000;0,021;0,018;0,019
SP00131;SP;5037,000;3622,000;1415,000;3345,000;3,000;0,090;0,055;0,083
SP00135;SP;10099,000;6853,000;3246,000;5983,000;3,000;0,050;0,055;0,044
SP00136;SP;9241,000;6497,000;2744,000;5815,000;4,000;0,069;0,073;0,062
SP00139;SP;7945,000;5514,000;2431,000;4905,000;2,000;0,041;0,037;0,036
SP00140;SP;5793,000;3889,000;1904,000;3467,000;1,000;0,029;0,018;0,026
SP00141;SP;4594,000;3186,000;1408,000;2804,000;2,000;0,071;0,037;0,063
SP00144;SP;5788,000;3963,000;1825,000;3611,000;1,000;0,028;0,018;0,025
SP00145;SP;4652,000;3551,000;1101,000;3217,000;1,000;0,031;0,018;0,028
SP00147;SP;7272,000;5483,000;1789,000;5016,000;1,000;0,020;0,018;0,018
SP00151;SP;4988,000;3688,000;1300,000;3066,000;1,000;0,033;0,018;0,027
SP00153;SP;6503,000;4705,000;1798,000;3830,000;2,000;0,052;0,037;0,043
SP00154;SP;6876,000;4799,000;2077,000;4025,000;1,000;0,025;0,018;0,021
SP00156;SP;7080,000;4869,000;2211,000;4038,000;1,000;0,025;0,018;0,021
SP00159;SP;8207,000;5759,000;2448,000;4847,000;1,000;0,021;0,018;0,017
SP00160;SP;7072,000;5254,000;1818,000;4369,000;1,000;0,023;0,018;0,019
SP00161;SP;7454,000;5453,000;2001,000;4461,000;3,000;0,067;0,055;0,055
SP00165;SP;5151,000;3881,000;1270,000;3088,000;1,000;0,032;0,018;0,026
SP00167;SP;6528,000;4883,000;1645,000;3930,000;2,000;0,051;0,037;0,041
SP00170;SP;3660,000;2732,000;928,000;2322,000;1,000;0,043;0,018;0,037
SP00171;SP;6293,000;4730,000;1563,000;3938,000;1,000;0,025;0,018;0,021
SP00175;SP;4700,000;3395,000;1305,000;2728,000;3,000;0,110;0,055;0,088
SP00176;SP;4725,000;3530,000;1195,000;2946,000;2,000;0,068;0,037;0,057
SP00178;SP;8552,000;6363,000;2189,000;5204,000;1,000;0,019;0,018;0,016
SP00180;SP;2715,000;1992,000;723,000;1618,000;1,000;0,062;0,018;0,050
SP00189;SP;5717,000;3833,000;1884,000;3381,000;2,000;0,059;0,037;0,052
SP00190;SP;9191,000;6215,000;2976,000;5565,000;1,000;0,018;0,018;0,016
SP00194;SP;8615,000;6268,000;2347,000;5780,000;1,000;0,017;0,018;0,016
SP00197;SP;4829,000;3340,000;1489,000;3099,000;1,000;0,032;0,018;0,030
SP00198;SP;9846,000;7057,000;2789,000;6333,000;1,000;0,016;0,018;0,014
SP00199;SP;9351,000;6697,000;2654,000;6031,000;3,000;0,050;0,055;0,045
SP00200;SP;4987,000;3648,000;1339,000;3251,000;2,000;0,062;0,037;0,055
SP00201;SP;9459,000;6572,000;2887,000;5989,000;2,000;0,033;0,037;0,030
SP00202;SP;7973,000;5469,000;2504,000;5015,000;1,000;0,020;0,018;0,018
SP00203;SP;7005,000;4837,000;2168,000;4332,000;1,000;0,023;0,018;0,021
SP00206;SP;3004,000;2207,000;797,000;2000,000;2,000;0,100;0,037;0,091
SP00207;SP;4643,000;3544,000;1099,000;3043,000;1,000;0,033;0,018;0,028
SP00208;SP;1780,000;1279,000;501,000;1147,000;1,000;0,087;0,018;0,078
SP00209;SP;4117,000;3042,000;1075,000;2774,000;1,000;0,036;0,018;0,033
SP00211;SP;6388,000;4682,000;1706,000;4168,000;1,000;0,024;0,018;0,021
SP00212;SP;5586,000;4124,000;1462,000;3719,000;1,000;0,027;0,018;0,024
SP00213;SP;4732,000;3454,000;1278,000;3107,000;1,000;0,032;0,018;0,029
SP00214;SP;5779,000;4297,000;1482,000;3759,000;1,000;0,027;0,018;0,023
SP00215;SP;993,000;761,000;232,000;665,000;1,000;0,150;0,018;0,131
SP00217;SP;1566,000;1244,000;322,000;1121,000;1,000;0,089;0,018;0,080
SP00219;SP;5453,000;3846,000;1607,000;3316,000;1,000;0,030;0,018;0,026
SP00226;SP;6504,000;4681,000;1823,000;3905,000;1,000;0,026;0,018;0,021
SP00229;SP;6362,000;4716,000;1646,000;4007,000;1,000;0,025;0,018;0,021
SP00231;SP;4477,000;3485,000;992,000;2989,000;1,000;0,033;0,018;0,029
SP00233;SP;2180,000;1518,000;662,000;1306,000;1,000;0,077;0,018;0,066
SP00238;SP;6012,000;4671,000;1341,000;3951,000;2,000;0,051;0,037;0,043
SP00239;SP;5869,000;4516,000;1353,000;3700,000;1,000;0,027;0,018;0,022
SP00244;SP;1594,000;1206,000;388,000;978,000;1,000;0,102;0,018;0,083
SP00245;SP;1860,000;1458,000;402,000;1167,000;1,000;0,086;0,018;0,069
SP00250;SP;4023,000;3125,000;898,000;2566,000;4,000;0,156;0,073;0,128
SP00251;SP;3854,000;2856,000;998,000;2435,000;2,000;0,082;0,037;0,070
SP00252;SP;4288,000;3078,000;1210,000;2638,000;3,000;0,114;0,055;0,097
SP00255;SP;6778,000;5044,000;1734,000;4293,000;1,000;0,023;0,018;0,020
SP00257;SP;5556,000;4081,000;1475,000;3166,000;1,000;0,032;0,018;0,025
SP00259;SP;1803,000;1399,000;404,000;1139,000;2,000;0,176;0,037;0,143
SP00260;SP;6967,000;4886,000;2081,000;4112,000;1,000;0,024;0,018;0,020
SP00264;SP;6606,000;4757,000;1849,000;3973,000;1,000;0,025;0,018;0,021
SP00268;SP;6330,000;4415,000;1915,000;3742,000;3,000;0,080;0,055;0,068
SP00274;SP;5083,000;4027,000;1056,000;3417,000;2,000;0,059;0,037;0,050
SP00275;SP;4248,000;3284,000;964,000;2804,000;1,000;0,036;0,018;0,030
SP00276;SP;4234,000;3269,000;965,000;2704,000;1,000;0,037;0,018;0,031
SP00277;SP;4274,000;3219,000;1055,000;2691,000;3,000;0,111;0,055;0,093
SP00278;SP;3874,000;2884,000;990,000;2434,000;1,000;0,041;0,018;0,035
SP00282;SP;6521,000;4899,000;1622,000;4004,000;3,000;0,075;0,055;0,061
SP00283;SP;4282,000;3227,000;1055,000;2653,000;1,000;0,038;0,018;0,031
SP00285;SP;2333,000;1770,000;563,000;1490,000;1,000;0,067;0,018;0,056
SP00286;SP;6009,000;4463,000;1546,000;3798,000;1,000;0,026;0,018;0,022
SP00293;SP;2607,000;1718,000;889,000;1522,000;1,000;0,066;0,018;0,058
SP00295;SP;4636,000;3029,000;1607,000;2673,000;2,000;0,075;0,037;0,066
SP00297;SP;1311,000;946,000;365,000;845,000;1,000;0,118;0,018;0,106
SP00300;SP;5119,000;3795,000;1324,000;3340,000;1,000;0,030;0,018;0,026
SP00302;SP;5488,000;4163,000;1325,000;3804,000;3,000;0,079;0,055;0,072
SP00303;SP;3512,000;2379,000;1133,000;2163,000;2,000;0,092;0,037;0,084
SP00304;SP;3481,000;2524,000;957,000;2284,000;2,000;0,088;0,037;0,079
SP00306;SP;5275,000;3647,000;1628,000;3252,000;1,000;0,031;0,018;0,027
SP00307;SP;3529,000;2356,000;1173,000;2055,000;1,000;0,049;0,018;0,042
SP00311;SP;4745,000;3212,000;1533,000;2868,000;1,000;0,035;0,018;0,031
SP00312;SP;3428,000;2474,000;954,000;2235,000;1,000;0,045;0,018;0,040
SP00315;SP;5861,000;4276,000;1585,000;3850,000;1,000;0,026;0,018;0,023
SP00316;SP;8808,000;6530,000;2278,000;5921,000;3,000;0,051;0,055;0,046
SP00319;SP;2366,000;1775,000;591,000;1580,000;1,000;0,063;0,018;0,056
SP00320;SP;4504,000;3135,000;1369,000;2784,000;4,000;0,144;0,073;0,128
SP00321;SP;4314,000;3059,000;1255,000;2771,000;1,000;0,036;0,018;0,033
SP00322;SP;8258,000;5548,000;2710,000;4975,000;2,000;0,040;0,037;0,036
SP00323;SP;4008,000;2671,000;1337,000;2414,000;2,000;0,083;0,037;0,075
SP00324;SP;4770,000;3319,000;1451,000;2949,000;1,000;0,034;0,018;0,030
SP00325;SP;4286,000;3094,000;1192,000;2780,000;3,000;0,108;0,055;0,097
SP00326;SP;3933,000;2749,000;1184,000;2471,000;6,000;0,243;0,110;0,218
SP00327;SP;1859,000;1362,000;497,000;1164,000;1,000;0,086;0,018;0,073
SP00328;SP;3718,000;2674,000;1044,000;2278,000;2,000;0,088;0,037;0,075
SP00329;SP;3347,000;2208,000;1139,000;1860,000;2,000;0,108;0,037;0,091
SP00333;SP;2049,000;1351,000;698,000;1203,000;1,000;0,083;0,018;0,074
SP00334;SP;1713,000;1283,000;430,000;1116,000;1,000;0,090;0,018;0,078
SP00339;SP;3299,000;2272,000;1027,000;2075,000;1,000;0,048;0,018;0,044
SP00341;SP;3178,000;2297,000;881,000;2077,000;2,000;0,096;0,037;0,087
SP00343;SP;5204,000;3721,000;1483,000;3344,000;3,000;0,090;0,055;0,081
SP00345;SP;7886,000;5416,000;2470,000;4892,000;4,000;0,082;0,073;0,074
SP00348;SP;4643,000;3365,000;1278,000;3024,000;1,000;0,033;0,018;0,030
SP00349;SP;3642,000;2779,000;863,000;2310,000;2,000;0,087;0,037;0,072
SP00351;SP;883,000;686,000;197,000;584,000;1,000;0,171;0,018;0,146
SP00356;SP;6871,000;5190,000;1681,000;4713,000;2,000;0,042;0,037;0,039
SP00367;SP;3181,000;2043,000;1138,000;1835,000;1,000;0,054;0,018;0,049
SP00369;SP;4203,000;2956,000;1247,000;2789,000;1,000;0,036;0,018;0,034
SP00371;SP;7513,000;5272,000;2241,000;4897,000;2,000;0,041;0,037;0,038
SP00372;SP;5891,000;3989,000;1902,000;3708,000;1,000;0,027;0,018;0,025
SP00376;SP;4805,000;3354,000;1451,000;3098,000;1,000;0,032;0,018;0,030
SP00380;SP;4357,000;2944,000;1413,000;2747,000;1,000;0,036;0,018;0,034
SP00381;SP;4728,000;3340,000;1388,000;3119,000;2,000;0,064;0,037;0,060
SP00388;SP;1990,000;1488,000;502,000;1379,000;1,000;0,073;0,018;0,067
SP00389;SP;2663,000;1942,000;721,000;1788,000;2,000;0,112;0,037;0,103
SP00391;SP;3539,000;2437,000;1102,000;2119,000;6,000;0,283;0,110;0,246
SP00392;SP;4859,000;3569,000;1290,000;3137,000;2,000;0,064;0,037;0,056
SP00393;SP;3958,000;2809,000;1149,000;2404,000;1,000;0,042;0,018;0,036
SP00395;SP;7319,000;5036,000;2283,000;4255,000;2,000;0,047;0,037;0,040
SP00396;SP;2981,000;2015,000;966,000;1734,000;4,000;0,231;0,073;0,199
SP00397;SP;4072,000;2894,000;1178,000;2418,000;2,000;0,083;0,037;0,069
SP00399;SP;4200,000;2969,000;1231,000;2600,000;1,000;0,038;0,018;0,034
SP00400;SP;2153,000;1503,000;650,000;1323,000;1,000;0,076;0,018;0,067
SP00401;SP;6075,000;4286,000;1789,000;3723,000;2,000;0,054;0,037;0,047
SP00402;SP;4338,000;3200,000;1138,000;2741,000;3,000;0,109;0,055;0,094
SP00403;SP;6930,000;5024,000;1906,000;4268,000;1,000;0,023;0,018;0,020
SP00404;SP;5256,000;3768,000;1488,000;3185,000;1,000;0,031;0,018;0,027
SP00405;SP;4680,000;3515,000;1165,000;3097,000;3,000;0,097;0,055;0,085
SP00406;SP;3867,000;2759,000;1108,000;2325,000;1,000;0,043;0,018;0,036
SP00408;SP;7217,000;5129,000;2088,000;4414,000;1,000;0,023;0,018;0,019
SP00410;SP;1624,000;1232,000;392,000;1026,000;2,000;0,195;0,037;0,162
SP00411;SP;1750,000;1339,000;411,000;1163,000;6,000;0,516;0,110;0,448
SP00412;SP;2247,000;1715,000;532,000;1480,000;1,000;0,068;0,018;0,058
SP00413;SP;5079,000;3987,000;1092,000;3298,000;2,000;0,061;0,037;0,050
SP00417;SP;1590,000;1256,000;334,000;1074,000;1,000;0,093;0,018;0,080
SP00420;SP;1442,000;1026,000;416,000;925,000;1,000;0,108;0,018;0,097
SP00421;SP;3048,000;2181,000;867,000;1947,000;1,000;0,051;0,018;0,046
SP00422;SP;10320,000;7595,000;2725,000;6744,000;2,000;0,030;0,037;0,026
SP00424;SP;4823,000;3449,000;1374,000;3041,000;2,000;0,066;0,037;0,058
SP00430;SP;8129,000;5971,000;2158,000;5396,000;2,000;0,037;0,037;0,033
SP00433;SP;4353,000;3211,000;1142,000;2911,000;1,000;0,034;0,018;0,031
SP00435;SP;7037,000;5280,000;1757,000;4647,000;1,000;0,022;0,018;0,019
SP00446;SP;7010,000;5463,000;1547,000;4823,000;1,000;0,021;0,018;0,018
SP00449;SP;6333,000;4838,000;1495,000;4289,000;4,000;0,093;0,073;0,083
SP00455;SP;4145,000;2936,000;1209,000;2668,000;1,000;0,037;0,018;0,034
SP00458;SP;8529,000;5970,000;2559,000;5339,000;2,000;0,037;0,037;0,034
SP00464;SP;4296,000;3192,000;1104,000;2765,000;1,000;0,036;0,018;0,031
SP00469;SP;5448,000;3854,000;1594,000;3445,000;2,000;0,058;0,037;0,052
SP00470;SP;4692,000;3265,000;1427,000;2911,000;2,000;0,069;0,037;0,061
SP00471;SP;3265,000;2247,000;1018,000;1966,000;2,000;0,102;0,037;0,089
SP00472;SP;2507,000;1806,000;701,000;1593,000;1,000;0,063;0,018;0,055
SP00475;SP;5821,000;4091,000;1730,000;3609,000;1,000;0,028;0,018;0,024
SP00477;SP;2863,000;2003,000;860,000;1768,000;2,000;0,113;0,037;0,100
SP00484;SP;3212,000;2384,000;828,000;2097,000;1,000;0,048;0,018;0,042
SP00494;SP;54,000;32,000;22,000;26,000;1,000;3,846;0,018;3,125
SP00496;SP;4579,000;3372,000;1207,000;3009,000;1,000;0,033;0,018;0,030
SP00497;SP;6925,000;4935,000;1990,000;4441,000;2,000;0,045;0,037;0,041
SP00503;SP;6619,000;4634,000;1985,000;4034,000;3,000;0,074;0,055;0,065
SP00504;SP;4008,000;3045,000;963,000;2673,000;3,000;0,112;0,055;0,099
SP00505;SP;2185,000;1532,000;653,000;1335,000;1,000;0,075;0,018;0,065
SP00507;SP;9953,000;7335,000;2618,000;6265,000;1,000;0,016;0,018;0,014
SP00508;SP;5317,000;3827,000;1490,000;3334,000;2,000;0,060;0,037;0,052
SP00510;SP;6209,000;4329,000;1880,000;3594,000;3,000;0,083;0,055;0,069
SP00511;SP;6942,000;4878,000;2064,000;4132,000;5,000;0,121;0,092;0,103
SP00512;SP;7389,000;5163,000;2226,000;4319,000;1,000;0,023;0,018;0,019
SP00513;SP;4106,000;2993,000;1113,000;2609,000;1,000;0,038;0,018;0,033
SP00514;SP;5514,000;3990,000;1524,000;3430,000;2,000;0,058;0,037;0,050
SP00515;SP;4792,000;3544,000;1248,000;3046,000;2,000;0,066;0,037;0,056
SP00517;SP;3694,000;2650,000;1044,000;2223,000;1,000;0,045;0,018;0,038
SP00519;SP;5846,000;4121,000;1725,000;3509,000;2,000;0,057;0,037;0,049
SP00520;SP;3065,000;2185,000;880,000;1832,000;1,000;0,055;0,018;0,046
SP00521;SP;5002,000;3490,000;1512,000;2901,000;1,000;0,034;0,018;0,029
SP00522;SP;4695,000;3519,000;1176,000;2921,000;4,000;0,137;0,073;0,114
SP00524;SP;2811,000;2096,000;715,000;1775,000;1,000;0,056;0,018;0,048
SP00525;SP;5945,000;4545,000;1400,000;3796,000;3,000;0,079;0,055;0,066
SP00526;SP;3210,000;2393,000;817,000;2007,000;1,000;0,050;0,018;0,042
SP00527;SP;3105,000;2475,000;630,000;2136,000;2,000;0,094;0,037;0,081
SP00528;SP;2366,000;1777,000;589,000;1569,000;2,000;0,127;0,037;0,113
SP00529;SP;3155,000;2369,000;786,000;2087,000;1,000;0,048;0,018;0,042
SP00531;SP;6972,000;5267,000;1705,000;4395,000;2,000;0,046;0,037;0,038
SP00533;SP;2644,000;2087,000;557,000;1800,000;1,000;0,056;0,018;0,048
SP00534;SP;4351,000;3409,000;942,000;3003,000;2,000;0,067;0,037;0,059
SP00539;SP;5948,000;4112,000;1836,000;3697,000;1,000;0,027;0,018;0,024
SP00543;SP;8077,000;5459,000;2618,000;4653,000;3,000;0,064;0,055;0,055
SP00544;SP;5536,000;3707,000;1829,000;3265,000;1,000;0,031;0,018;0,027
SP00545;SP;7097,000;4864,000;2233,000;4172,000;1,000;0,024;0,018;0,021
SP00547;SP;3238,000;2322,000;916,000;2051,000;1,000;0,049;0,018;0,043
SP00548;SP;4404,000;2954,000;1450,000;2590,000;2,000;0,077;0,037;0,068
SP00549;SP;5928,000;4010,000;1918,000;3526,000;1,000;0,028;0,018;0,025
SP00554;SP;5499,000;4102,000;1397,000;3446,000;4,000;0,116;0,073;0,098
SP00557;SP;5966,000;4380,000;1586,000;3694,000;5,000;0,135;0,092;0,114
SP00558;SP;5547,000;4114,000;1433,000;3404,000;4,000;0,118;0,073;0,097
SP00560;SP;4755,000;3443,000;1312,000;2876,000;2,000;0,070;0,037;0,058
SP00567;SP;3964,000;2865,000;1099,000;2570,000;2,000;0,078;0,037;0,070
SP00568;SP;4355,000;3188,000;1167,000;2856,000;2,000;0,070;0,037;0,063
SP00584;SP;2542,000;1782,000;760,000;1552,000;1,000;0,064;0,018;0,056
SP00587;SP;3697,000;2586,000;1111,000;2332,000;1,000;0,043;0,018;0,039
SP00588;SP;5167,000;3521,000;1646,000;3105,000;1,000;0,032;0,018;0,028
SP00590;SP;7580,000;5281,000;2299,000;4546,000;1,000;0,022;0,018;0,019
SP00593;SP;5605,000;4143,000;1462,000;3635,000;2,000;0,055;0,037;0,048
SP00598;SP;4844,000;3433,000;1411,000;2954,000;1,000;0,034;0,018;0,029
SP00606;SP;2414,000;1894,000;520,000;1650,000;1,000;0,061;0,018;0,053
SP00607;SP;2771,000;2166,000;605,000;1868,000;1,000;0,054;0,018;0,046
SP00610;SP;4996,000;3877,000;1119,000;3393,000;1,000;0,029;0,018;0,026
SP00613;SP;1184,000;914,000;270,000;787,000;1,000;0,127;0,018;0,109
SP00623;SP;5777,000;3983,000;1794,000;3670,000;1,000;0,027;0,018;0,025
SP00626;SP;6265,000;4313,000;1952,000;3939,000;2,000;0,051;0,037;0,046
SP00631;SP;2522,000;1571,000;951,000;1400,000;3,000;0,214;0,055;0,191
SP00632;SP;9851,000;7134,000;2717,000;6537,000;3,000;0,046;0,055;0,042
SP00635;SP;5917,000;4054,000;1863,000;3591,000;3,000;0,084;0,055;0,074
SP00636;SP;7155,000;4893,000;2262,000;4473,000;1,000;0,022;0,018;0,020
SP00639;SP;9027,000;6272,000;2755,000;5745,000;2,000;0,035;0,037;0,032
SP00641;SP;6983,000;4703,000;2280,000;4242,000;2,000;0,047;0,037;0,043
SP00642;SP;5042,000;3746,000;1296,000;3356,000;1,000;0,030;0,018;0,027
SP00644;SP;5516,000;3931,000;1585,000;3555,000;1,000;0,028;0,018;0,025
SP00647;SP;7403,000;5083,000;2320,000;4634,000;2,000;0,043;0,037;0,039
SP00649;SP;2648,000;1982,000;666,000;1760,000;1,000;0,057;0,018;0,050
SP00651;SP;4603,000;3022,000;1581,000;2669,000;1,000;0,037;0,018;0,033
SP00652;SP;4711,000;3356,000;1355,000;2915,000;1,000;0,034;0,018;0,030
SP00653;SP;9758,000;6871,000;2887,000;6317,000;4,000;0,063;0,073;0,058
SP00654;SP;5621,000;3951,000;1670,000;3632,000;2,000;0,055;0,037;0,051
SP00656;SP;7540,000;5423,000;2117,000;4936,000;1,000;0,020;0,018;0,018
SP00657;SP;6658,000;4729,000;1929,000;4302,000;1,000;0,023;0,018;0,021
SP00659;SP;4066,000;2843,000;1223,000;2587,000;1,000;0,039;0,018;0,035
SP00661;SP;3498,000;2295,000;1203,000;2021,000;1,000;0,049;0,018;0,044
SP00662;SP;4467,000;3192,000;1275,000;2948,000;2,000;0,068;0,037;0,063
SP00663;SP;4883,000;3374,000;1509,000;3029,000;1,000;0,033;0,018;0,030
SP00664;SP;4189,000;2951,000;1238,000;2669,000;3,000;0,112;0,055;0,102
SP00666;SP;4794,000;3234,000;1560,000;2902,000;1,000;0,034;0,018;0,031
SP00667;SP;7365,000;5371,000;1994,000;4835,000;1,000;0,021;0,018;0,019
SP00668;SP;5384,000;3806,000;1578,000;3465,000;1,000;0,029;0,018;0,026
SP00669;SP;4307,000;3090,000;1217,000;2819,000;2,000;0,071;0,037;0,065
SP00670;SP;5766,000;4219,000;1547,000;3799,000;1,000;0,026;0,018;0,024
SP00671;SP;7344,000;4961,000;2383,000;4380,000;2,000;0,046;0,037;0,040
SP00673;SP;3585,000;2570,000;1015,000;2364,000;1,000;0,042;0,018;0,039
SP00676;SP;3751,000;2837,000;914,000;2529,000;1,000;0,040;0,018;0,035
SP00678;SP;3777,000;2815,000;962,000;2493,000;2,000;0,080;0,037;0,071
SP00680;SP;11486,000;8694,000;2792,000;7821,000;2,000;0,026;0,037;0,023
SP00681;SP;5137,000;3903,000;1234,000;3542,000;2,000;0,056;0,037;0,051
SP00683;SP;5169,000;3990,000;1179,000;3629,000;2,000;0,055;0,037;0,050
SP00688;SP;4013,000;2804,000;1209,000;2484,000;1,000;0,040;0,018;0,036
SP00689;SP;6259,000;4395,000;1864,000;3885,000;3,000;0,077;0,055;0,068
SP00693;SP;4634,000;3251,000;1383,000;2869,000;2,000;0,070;0,037;0,062
SP00694;SP;8474,000;6228,000;2246,000;5583,000;1,000;0,018;0,018;0,016
SP00696;SP;1384,000;1069,000;315,000;972,000;1,000;0,103;0,018;0,094
SP00697;SP;4338,000;3181,000;1157,000;2881,000;1,000;0,035;0,018;0,031
SP00698;SP;4269,000;3022,000;1247,000;2595,000;2,000;0,077;0,037;0,066
SP00699;SP;2845,000;1980,000;865,000;1691,000;1,000;0,059;0,018;0,051
SP00701;SP;4091,000;3020,000;1071,000;2626,000;1,000;0,038;0,018;0,033
SP00702;SP;3281,000;2263,000;1018,000;2012,000;1,000;0,050;0,018;0,044
SP00705;SP;2464,000;1689,000;775,000;1474,000;1,000;0,068;0,018;0,059
SP00706;SP;5478,000;3976,000;1502,000;3402,000;2,000;0,059;0,037;0,050
SP00708;SP;5710,000;3952,000;1758,000;3354,000;2,000;0,060;0,037;0,051
SP00709;SP;5869,000;4162,000;1707,000;3614,000;1,000;0,028;0,018;0,024
SP00713;SP;5464,000;4097,000;1367,000;3538,000;2,000;0,057;0,037;0,049
SP00714;SP;3081,000;2248,000;833,000;1931,000;1,000;0,052;0,018;0,044
SP00715;SP;4628,000;3619,000;1009,000;3057,000;1,000;0,033;0,018;0,028
SP00717;SP;5351,000;4130,000;1221,000;3567,000;1,000;0,028;0,018;0,024
SP00718;SP;3625,000;2512,000;1113,000;2090,000;1,000;0,048;0,018;0,040
SP00719;SP;6130,000;4359,000;1771,000;3647,000;1,000;0,027;0,018;0,023
SP00722;SP;3108,000;2416,000;692,000;2060,000;1,000;0,049;0,018;0,041
SP00723;SP;5496,000;4095,000;1401,000;3502,000;1,000;0,029;0,018;0,024
SP00724;SP;3664,000;2699,000;965,000;2432,000;1,000;0,041;0,018;0,037
SP00725;SP;5899,000;4174,000;1725,000;3691,000;1,000;0,027;0,018;0,024
SP00726;SP;4468,000;3025,000;1443,000;2675,000;1,000;0,037;0,018;0,033
SP00727;SP;5267,000;3869,000;1398,000;3416,000;3,000;0,088;0,055;0,078
SP00728;SP;4919,000;3629,000;1290,000;3093,000;1,000;0,032;0,018;0,028
SP00729;SP;8105,000;5929,000;2176,000;5111,000;2,000;0,039;0,037;0,034
SP00730;SP;5502,000;4153,000;1349,000;3563,000;4,000;0,112;0,073;0,096
SP00731;SP;4685,000;3466,000;1219,000;3004,000;2,000;0,067;0,037;0,058
SP00733;SP;6587,000;4986,000;1601,000;4131,000;6,000;0,145;0,110;0,120
SP00736;SP;6501,000;5079,000;1422,000;4352,000;1,000;0,023;0,018;0,020
SP00737;SP;6265,000;4846,000;1419,000;4149,000;2,000;0,048;0,037;0,041
SP00738;SP;8744,000;6776,000;1968,000;5693,000;6,000;0,105;0,110;0,089
SP00740;SP;3936,000;3068,000;868,000;2621,000;3,000;0,114;0,055;0,098
SP00741;SP;4300,000;3373,000;927,000;2832,000;3,000;0,106;0,055;0,089
SP00743;SP;4240,000;3246,000;994,000;2798,000;1,000;0,036;0,018;0,031
SP00744;SP;5446,000;4215,000;1231,000;3568,000;1,000;0,028;0,018;0,024
SP00747;SP;4941,000;3778,000;1163,000;3217,000;3,000;0,093;0,055;0,079
SP00748;SP;3624,000;2591,000;1033,000;2215,000;1,000;0,045;0,018;0,039
SP00755;SP;2817,000;2116,000;701,000;1822,000;11,000;0,604;0,202;0,520
SP00756;SP;3235,000;2278,000;957,000;1971,000;12,000;0,609;0,220;0,527
SP00758;SP;4241,000;3341,000;900,000;2876,000;10,000;0,348;0,184;0,299
SP00759;SP;3490,000;2694,000;796,000;2242,000;4,000;0,178;0,073;0,148
SP00760;SP;6093,000;4322,000;1771,000;3614,000;11,000;0,304;0,202;0,255
SP00761;SP;3317,000;2430,000;887,000;2099,000;28,000;1,334;0,514;1,152
SP00762;SP;4199,000;3275,000;924,000;2719,000;1,000;0,037;0,018;0,031
SP00763;SP;2894,000;2276,000;618,000;1887,000;1,000;0,053;0,018;0,044
SP00764;SP;1319,000;1062,000;257,000;886,000;7,000;0,790;0,129;0,659
SP00765;SP;8135,000;5621,000;2514,000;4929,000;1,000;0,020;0,018;0,018
SP00766;SP;7053,000;4968,000;2085,000;4402,000;1,000;0,023;0,018;0,020
SP00767;SP;6440,000;4457,000;1983,000;3930,000;2,000;0,051;0,037;0,045
SP00768;SP;4292,000;2930,000;1362,000;2636,000;1,000;0,038;0,018;0,034
SP00769;SP;5078,000;3464,000;1614,000;3068,000;4,000;0,130;0,073;0,115
SP00770;SP;6150,000;4203,000;1947,000;3615,000;1,000;0,028;0,018;0,024
SP00771;SP;7436,000;5164,000;2272,000;4500,000;1,000;0,022;0,018;0,019
SP00773;SP;6264,000;4426,000;1838,000;3805,000;1,000;0,026;0,018;0,023
SP00774;SP;7854,000;5792,000;2062,000;5026,000;2,000;0,040;0,037;0,035
SP00775;SP;7449,000;5305,000;2144,000;4528,000;3,000;0,066;0,055;0,057
SP00776;SP;6598,000;4696,000;1902,000;4003,000;1,000;0,025;0,018;0,021
SP00777;SP;5853,000;4038,000;1815,000;3381,000;1,000;0,030;0,018;0,025
SP00778;SP;7392,000;5180,000;2212,000;4241,000;5,000;0,118;0,092;0,097
SP00779;SP;7813,000;5789,000;2024,000;4877,000;3,000;0,062;0,055;0,052
SP00781;SP;4179,000;2991,000;1188,000;2524,000;1,000;0,040;0,018;0,033
SP00782;SP;6626,000;4932,000;1694,000;4068,000;2,000;0,049;0,037;0,041
SP00787;SP;2366,000;1797,000;569,000;1532,000;1,000;0,065;0,018;0,056
SP00792;SP;2736,000;2040,000;696,000;1747,000;1,000;0,057;0,018;0,049
SP00794;SP;5472,000;4057,000;1415,000;3352,000;1,000;0,030;0,018;0,025
SP00797;SP;3693,000;2666,000;1027,000;2284,000;1,000;0,044;0,018;0,038
SP00798;SP;3561,000;2771,000;790,000;2464,000;1,000;0,041;0,018;0,036
SP00800;SP;5404,000;4006,000;1398,000;3410,000;3,000;0,088;0,055;0,075
SP00801;SP;3726,000;2817,000;909,000;2456,000;1,000;0,041;0,018;0,035
SP00802;SP;2293,000;1707,000;586,000;1374,000;1,000;0,073;0,018;0,059
SP00805;SP;6882,000;4879,000;2003,000;4246,000;3,000;0,071;0,055;0,061
SP00806;SP;5119,000;3556,000;1563,000;3097,000;3,000;0,097;0,055;0,084
SP00807;SP;4221,000;2943,000;1278,000;2555,000;1,000;0,039;0,018;0,034
SP00808;SP;5967,000;4362,000;1605,000;3844,000;9,000;0,234;0,165;0,206
SP00809;SP;4931,000;3684,000;1247,000;3295,000;17,000;0,516;0,312;0,461
SP00810;SP;4312,000;3025,000;1287,000;2622,000;1,000;0,038;0,018;0,033
SP00811;SP;4790,000;3322,000;1468,000;2896,000;5,000;0,173;0,092;0,151
SP00812;SP;6537,000;4507,000;2030,000;3857,000;4,000;0,104;0,073;0,089
SP00813;SP;5405,000;3715,000;1690,000;3298,000;5,000;0,152;0,092;0,135
SP00814;SP;3409,000;2340,000;1069,000;2047,000;4,000;0,195;0,073;0,171
SP00815;SP;4827,000;3371,000;1456,000;2943,000;3,000;0,102;0,055;0,089
SP00816;SP;4010,000;2677,000;1333,000;2281,000;2,000;0,088;0,037;0,075
SP00817;SP;5075,000;3549,000;1526,000;2989,000;2,000;0,067;0,037;0,056
SP00818;SP;4699,000;3648,000;1051,000;3126,000;3,000;0,096;0,055;0,082
SP00819;SP;1557,000;1232,000;325,000;1066,000;1,000;0,094;0,018;0,081
SP00821;SP;3156,000;2353,000;803,000;2019,000;8,000;0,396;0,147;0,340
SP00822;SP;1894,000;1440,000;454,000;1247,000;1,000;0,080;0,018;0,069
SP00823;SP;2754,000;2085,000;669,000;1805,000;3,000;0,166;0,055;0,144
SP00824;SP;5510,000;4207,000;1303,000;3616,000;2,000;0,055;0,037;0,048
SP00825;SP;3960,000;3079,000;881,000;2727,000;4,000;0,147;0,073;0,130
SP00826;SP;2231,000;1737,000;494,000;1498,000;1,000;0,067;0,018;0,058
SP00827;SP;7530,000;5704,000;1826,000;4991,000;17,000;0,341;0,312;0,298
SP00832;SP;4365,000;3114,000;1251,000;2744,000;1,000;0,036;0,018;0,032
SP00833;SP;5058,000;3636,000;1422,000;3107,000;1,000;0,032;0,018;0,028
SP00834;SP;3451,000;2534,000;917,000;2279,000;1,000;0,044;0,018;0,039
SP00836;SP;4922,000;3424,000;1498,000;2884,000;4,000;0,139;0,073;0,117
SP00837;SP;2272,000;1787,000;485,000;1553,000;1,000;0,064;0,018;0,056
SP00838;SP;4893,000;3681,000;1212,000;3136,000;5,000;0,159;0,092;0,136
SP00841;SP;6587,000;5004,000;1583,000;4195,000;4,000;0,095;0,073;0,080
SP00842;SP;6278,000;4306,000;1972,000;3669,000;4,000;0,109;0,073;0,093
SP00851;SP;5695,000;3897,000;1798,000;3271,000;1,000;0,031;0,018;0,026
SP00856;SP;6062,000;4538,000;1524,000;3805,000;1,000;0,026;0,018;0,022
SP00857;SP;3507,000;2824,000;683,000;2367,000;2,000;0,084;0,037;0,071
SP00862;SP;4149,000;3028,000;1121,000;2481,000;1,000;0,040;0,018;0,033
SP00864;SP;2151,000;1674,000;477,000;1405,000;1,000;0,071;0,018;0,060
SP00869;SP;2469,000;1895,000;574,000;1521,000;1,000;0,066;0,018;0,053
SP00871;SP;4180,000;3171,000;1009,000;2619,000;1,000;0,038;0,018;0,032
SP00876;SP;4758,000;3686,000;1072,000;3039,000;2,000;0,066;0,037;0,054
SP00878;SP;4052,000;3009,000;1043,000;2553,000;2,000;0,078;0,037;0,066
SP00884;SP;6025,000;4117,000;1908,000;3528,000;1,000;0,028;0,018;0,024
SP00885;SP;3760,000;2696,000;1064,000;2288,000;2,000;0,087;0,037;0,074
SP00886;SP;3614,000;2519,000;1095,000;2153,000;2,000;0,093;0,037;0,079
SP00887;SP;2549,000;1778,000;771,000;1536,000;2,000;0,130;0,037;0,112
SP00888;SP;3225,000;2422,000;803,000;2160,000;4,000;0,185;0,073;0,165
SP00889;SP;4118,000;2831,000;1287,000;2529,000;2,000;0,079;0,037;0,071
SP00890;SP;6506,000;4670,000;1836,000;4087,000;1,000;0,024;0,018;0,021
SP00891;SP;6195,000;4624,000;1571,000;4037,000;2,000;0,050;0,037;0,043
SP00892;SP;4485,000;3072,000;1413,000;2701,000;1,000;0,037;0,018;0,033
SP00893;SP;4866,000;3614,000;1252,000;3170,000;2,000;0,063;0,037;0,055
SP00894;SP;4335,000;3134,000;1201,000;2776,000;4,000;0,144;0,073;0,128
SP00895;SP;4545,000;3059,000;1486,000;2625,000;2,000;0,076;0,037;0,065
SP00896;SP;3683,000;2558,000;1125,000;2191,000;3,000;0,137;0,055;0,117
SP00899;SP;3360,000;2430,000;930,000;2195,000;1,000;0,046;0,018;0,041
SP00900;SP;4799,000;3561,000;1238,000;2989,000;2,000;0,067;0,037;0,056
SP00901;SP;4411,000;3185,000;1226,000;2668,000;5,000;0,187;0,092;0,157
SP00903;SP;1833,000;1397,000;436,000;1247,000;4,000;0,321;0,073;0,286
SP00905;SP;5577,000;4262,000;1315,000;3604,000;1,000;0,028;0,018;0,023
SP00907;SP;3598,000;2756,000;842,000;2283,000;2,000;0,088;0,037;0,073
SP00908;SP;2080,000;1573,000;507,000;1325,000;1,000;0,075;0,018;0,064
SP00912;SP;2322,000;1799,000;523,000;1573,000;1,000;0,064;0,018;0,056
SP00913;SP;3776,000;2897,000;879,000;2382,000;3,000;0,126;0,055;0,104
SP00916;SP;1311,000;995,000;316,000;820,000;3,000;0,366;0,055;0,302
SP00920;SP;6672,000;4828,000;1844,000;3916,000;4,000;0,102;0,073;0,083
SP00921;SP;1221,000;862,000;359,000;673,000;2,000;0,297;0,037;0,232
SP00922;SP;8638,000;6089,000;2549,000;5158,000;4,000;0,078;0,073;0,066
SP00923;SP;5779,000;3898,000;1881,000;3357,000;1,000;0,030;0,018;0,026
SP00924;SP;5898,000;4232,000;1666,000;3558,000;1,000;0,028;0,018;0,024
SP00925;SP;5327,000;3864,000;1463,000;3310,000;1,000;0,030;0,018;0,026
SP00926;SP;5575,000;3935,000;1640,000;3387,000;19,000;0,561;0,349;0,483
SP00927;SP;4583,000;3288,000;1295,000;2862,000;8,000;0,280;0,147;0,243
SP00930;SP;2858,000;2200,000;658,000;1854,000;6,000;0,324;0,110;0,273
SP00933;SP;6037,000;4261,000;1776,000;3621,000;1,000;0,028;0,018;0,023
SP00935;SP;6922,000;4974,000;1948,000;4152,000;1,000;0,024;0,018;0,020
SP00936;SP;6913,000;5008,000;1905,000;4173,000;1,000;0,024;0,018;0,020
SP00938;SP;7741,000;5514,000;2227,000;4610,000;2,000;0,043;0,037;0,036
SP00939;SP;6851,000;5005,000;1846,000;4282,000;1,000;0,023;0,018;0,020
SP00942;SP;6510,000;5027,000;1483,000;4307,000;2,000;0,046;0,037;0,040
SP00946;SP;4553,000;3449,000;1104,000;2787,000;2,000;0,072;0,037;0,058
SP00947;SP;6568,000;4904,000;1664,000;4056,000;1,000;0,025;0,018;0,020
SP00948;SP;6371,000;4901,000;1470,000;3965,000;1,000;0,025;0,018;0,020
SP00949;SP;6028,000;4426,000;1602,000;3627,000;1,000;0,028;0,018;0,023
SP00950;SP;6838,000;5137,000;1701,000;4204,000;1,000;0,024;0,018;0,019
SP00953;SP;6513,000;4880,000;1633,000;4005,000;2,000;0,050;0,037;0,041
SP00955;SP;4285,000;3238,000;1047,000;2757,000;1,000;0,036;0,018;0,031
SP00958;SP;5350,000;3284,000;2066,000;2681,000;2,000;0,075;0,037;0,061
SP00960;SP;3791,000;2748,000;1043,000;2254,000;1,000;0,044;0,018;0,036
SP00964;SP;11909,000;8036,000;3873,000;7407,000;1,000;0,014;0,018;0,012
SP00965;SP;6230,000;4373,000;1857,000;3908,000;2,000;0,051;0,037;0,046
SP00968;SP;5544,000;3913,000;1631,000;3471,000;2,000;0,058;0,037;0,051
SP00969;SP;5494,000;3865,000;1629,000;3305,000;1,000;0,030;0,018;0,026
SP00975;SP;5925,000;4068,000;1857,000;3551,000;1,000;0,028;0,018;0,025
SP00981;SP;4660,000;3036,000;1624,000;2763,000;1,000;0,036;0,018;0,033
SP00985;SP;3154,000;2348,000;806,000;2069,000;1,000;0,048;0,018;0,043
SP00994;SP;3170,000;2321,000;849,000;2062,000;1,000;0,048;0,018;0,043
SP00995;SP;3591,000;2721,000;870,000;2468,000;1,000;0,041;0,018;0,037
SP00996;SP;1564,000;1161,000;403,000;1021,000;1,000;0,098;0,018;0,086
SP01000;SP;5650,000;4018,000;1632,000;3607,000;2,000;0,055;0,037;0,050
SP01001;SP;5804,000;4098,000;1706,000;3731,000;2,000;0,054;0,037;0,049
SP01003;SP;6014,000;4523,000;1491,000;4108,000;2,000;0,049;0,037;0,044
SP01004;SP;8670,000;6136,000;2534,000;5546,000;4,000;0,072;0,073;0,065
SP01005;SP;5082,000;3418,000;1664,000;3092,000;4,000;0,129;0,073;0,117
SP01007;SP;3314,000;2392,000;922,000;2070,000;3,000;0,145;0,055;0,125
SP01010;SP;2767,000;2011,000;756,000;1774,000;1,000;0,056;0,018;0,050
SP01013;SP;5581,000;4094,000;1487,000;3585,000;4,000;0,112;0,073;0,098
SP01014;SP;3487,000;2551,000;936,000;2157,000;2,000;0,093;0,037;0,078
SP01016;SP;7681,000;5440,000;2241,000;4570,000;1,000;0,022;0,018;0,018
SP01017;SP;3849,000;2621,000;1228,000;2231,000;2,000;0,090;0,037;0,076
SP01019;SP;3579,000;2715,000;864,000;2251,000;1,000;0,044;0,018;0,037
SP01022;SP;7237,000;5347,000;1890,000;4505,000;2,000;0,044;0,037;0,037
SP01025;SP;3899,000;2743,000;1156,000;2367,000;1,000;0,042;0,018;0,036
SP01031;SP;4290,000;3312,000;978,000;2843,000;2,000;0,070;0,037;0,060
SP01034;SP;3909,000;2923,000;986,000;2528,000;1,000;0,040;0,018;0,034
SP01035;SP;6691,000;4957,000;1734,000;4181,000;1,000;0,024;0,018;0,020
SP01037;SP;5057,000;3801,000;1256,000;3294,000;2,000;0,061;0,037;0,053
SP01040;SP;3542,000;2624,000;918,000;2319,000;1,000;0,043;0,018;0,038
SP01041;SP;1390,000;1045,000;345,000;903,000;1,000;0,111;0,018;0,096
SP01048;SP;1647,000;1281,000;366,000;1090,000;1,000;0,092;0,018;0,078
SP01050;SP;1959,000;1503,000;456,000;1281,000;1,000;0,078;0,018;0,067
SP01052;SP;6139,000;4367,000;1772,000;3809,000;1,000;0,026;0,018;0,023
SP01055;SP;5802,000;4170,000;1632,000;3541,000;1,000;0,028;0,018;0,024
SP01056;SP;6196,000;4361,000;1835,000;3772,000;4,000;0,106;0,073;0,092
SP01059;SP;5785,000;4403,000;1382,000;3766,000;1,000;0,027;0,018;0,023
SP01060;SP;5345,000;3929,000;1416,000;3417,000;2,000;0,059;0,037;0,051
SP01062;SP;2994,000;2078,000;916,000;1770,000;2,000;0,113;0,037;0,096
SP01069;SP;3158,000;2498,000;660,000;2184,000;1,000;0,046;0,018;0,040
SP01071;SP;1661,000;1297,000;364,000;1142,000;1,000;0,088;0,018;0,077
SP01072;SP;1029,000;793,000;236,000;657,000;1,000;0,152;0,018;0,126
SP01074;SP;1372,000;1070,000;302,000;862,000;1,000;0,116;0,018;0,093
SP01076;SP;3137,000;2436,000;701,000;2116,000;2,000;0,095;0,037;0,082
SP01077;SP;3176,000;2582,000;594,000;2292,000;1,000;0,044;0,018;0,039
SP01078;SP;10615,000;7516,000;3099,000;6404,000;4,000;0,062;0,073;0,053
SP01080;SP;3811,000;2747,000;1064,000;2336,000;1,000;0,043;0,018;0,036
SP01084;SP;4187,000;3316,000;871,000;2810,000;1,000;0,036;0,018;0,030
SP01089;SP;5551,000;4240,000;1311,000;3578,000;2,000;0,056;0,037;0,047
SP01090;SP;4652,000;3593,000;1059,000;2985,000;2,000;0,067;0,037;0,056
SP01092;SP;5885,000;3837,000;2048,000;3221,000;1,000;0,031;0,018;0,026
SP01093;SP;5944,000;4192,000;1752,000;3670,000;1,000;0,027;0,018;0,024
SP01097;SP;7641,000;5404,000;2237,000;4710,000;1,000;0,021;0,018;0,019
SP01099;SP;4340,000;3039,000;1301,000;2637,000;1,000;0,038;0,018;0,033
SP01100;SP;4090,000;2819,000;1271,000;2441,000;1,000;0,041;0,018;0,035
SP01102;SP;3065,000;2033,000;1032,000;1773,000;1,000;0,056;0,018;0,049
SP01103;SP;5564,000;4101,000;1463,000;3623,000;1,000;0,028;0,018;0,024
SP01104;SP;3373,000;2250,000;1123,000;1905,000;1,000;0,052;0,018;0,044
SP01105;SP;5682,000;4024,000;1658,000;3544,000;1,000;0,028;0,018;0,025
SP01106;SP;8626,000;6096,000;2530,000;4992,000;4,000;0,080;0,073;0,066
SP01107;SP;8910,000;6337,000;2573,000;5296,000;3,000;0,057;0,055;0,047
SP01111;SP;1699,000;1262,000;437,000;1087,000;2,000;0,184;0,037;0,158
SP01116;SP;3795,000;3002,000;793,000;2684,000;2,000;0,075;0,037;0,067
SP01118;SP;3117,000;2195,000;922,000;1851,000;3,000;0,162;0,055;0,137
SP01120;SP;6954,000;4897,000;2057,000;4084,000;5,000;0,122;0,092;0,102
SP01121;SP;2241,000;1669,000;572,000;1388,000;1,000;0,072;0,018;0,060
SP01123;SP;8211,000;5806,000;2405,000;4970,000;2,000;0,040;0,037;0,034
SP01129;SP;6181,000;4505,000;1676,000;3834,000;1,000;0,026;0,018;0,022
SP01132;SP;5881,000;4069,000;1812,000;3481,000;1,000;0,029;0,018;0,025
SP01140;SP;4702,000;3629,000;1073,000;3096,000;1,000;0,032;0,018;0,028
SP01144;SP;3086,000;2381,000;705,000;2043,000;1,000;0,049;0,018;0,042
SP01153;SP;12021,000;8675,000;3346,000;7258,000;1,000;0,014;0,018;0,012
SP01157;SP;6773,000;5060,000;1713,000;4280,000;1,000;0,023;0,018;0,020
SP01164;SP;5708,000;3888,000;1820,000;3284,000;1,000;0,030;0,018;0,026
SP01166;SP;5277,000;3758,000;1519,000;3179,000;1,000;0,031;0,018;0,027
SP01168;SP;5911,000;4089,000;1822,000;3473,000;1,000;0,029;0,018;0,024
SP01169;SP;6535,000;4709,000;1826,000;3984,000;1,000;0,025;0,018;0,021
SP01170;SP;7817,000;5560,000;2257,000;4585,000;2,000;0,044;0,037;0,036
SP01171;SP;6620,000;4759,000;1861,000;3966,000;2,000;0,050;0,037;0,042
SP01172;SP;6690,000;4889,000;1801,000;4302,000;2,000;0,046;0,037;0,041
SP01179;SP;3692,000;2867,000;825,000;2431,000;1,000;0,041;0,018;0,035
SP01182;SP;5929,000;4415,000;1514,000;3910,000;2,000;0,051;0,037;0,045
SP01183;SP;6376,000;4658,000;1718,000;4013,000;2,000;0,050;0,037;0,043
SP01184;SP;4359,000;3297,000;1062,000;2764,000;1,000;0,036;0,018;0,030
SP01187;SP;2356,000;1723,000;633,000;1366,000;1,000;0,073;0,018;0,058
SP01188;SP;1590,000;1156,000;434,000;950,000;1,000;0,105;0,018;0,087
SP01190;SP;5137,000;3599,000;1538,000;3067,000;1,000;0,033;0,018;0,028
SP01191;SP;7205,000;5151,000;2054,000;4314,000;1,000;0,023;0,018;0,019
SP01195;SP;5991,000;4371,000;1620,000;3710,000;2,000;0,054;0,037;0,046
SP01198;SP;4394,000;3400,000;994,000;2835,000;1,000;0,035;0,018;0,029
SP01199;SP;4561,000;3429,000;1132,000;2819,000;2,000;0,071;0,037;0,058
SP01201;SP;5937,000;4477,000;1460,000;3616,000;1,000;0,028;0,018;0,022
SP01202;SP;6413,000;4790,000;1623,000;3995,000;1,000;0,025;0,018;0,021
SP01204;SP;5365,000;4097,000;1268,000;3436,000;1,000;0,029;0,018;0,024
SP01206;SP;4510,000;3346,000;1164,000;2819,000;4,000;0,142;0,073;0,120
SP01211;SP;4601,000;3490,000;1111,000;2769,000;1,000;0,036;0,018;0,029
SP01212;SP;7434,000;5663,000;1771,000;4627,000;3,000;0,065;0,055;0,053
SP01214;SP;5318,000;3918,000;1400,000;3148,000;3,000;0,095;0,055;0,077
SP01215;SP;6563,000;4951,000;1612,000;3868,000;1,000;0,026;0,018;0,020
SP01217;SP;2233,000;1667,000;566,000;1283,000;1,000;0,078;0,018;0,060
SP01218;SP;1256,000;984,000;272,000;793,000;1,000;0,126;0,018;0,102
SP01221;SP;4891,000;3743,000;1148,000;3051,000;2,000;0,066;0,037;0,053
SP01228;SP;4077,000;2878,000;1199,000;2288,000;1,000;0,044;0,018;0,035
SP01230;SP;2563,000;1804,000;759,000;1469,000;1,000;0,068;0,018;0,055
SP01231;SP;4357,000;2845,000;1512,000;2387,000;1,000;0,042;0,018;0,035
SP01234;SP;1567,000;1085,000;482,000;923,000;1,000;0,108;0,018;0,092
SP01236;SP;4335,000;3024,000;1311,000;2493,000;2,000;0,080;0,037;0,066
SP01237;SP;5922,000;4157,000;1765,000;3352,000;4,000;0,119;0,073;0,096
SP01238;SP;4275,000;3201,000;1074,000;2644,000;1,000;0,038;0,018;0,031
SP01239;SP;6020,000;4603,000;1417,000;3712,000;1,000;0,027;0,018;0,022
SP01244;SP;3449,000;2654,000;795,000;2184,000;1,000;0,046;0,018;0,038
SP01246;SP;6332,000;4869,000;1463,000;4069,000;1,000;0,025;0,018;0,021
SP01248;SP;6322,000;4741,000;1581,000;3875,000;1,000;0,026;0,018;0,021
SP01251;SP;5249,000;3752,000;1497,000;3003,000;2,000;0,067;0,037;0,053
SP01254;SP;7148,000;5309,000;1839,000;4294,000;1,000;0,023;0,018;0,019
SP01256;SP;6264,000;4532,000;1732,000;3688,000;1,000;0,027;0,018;0,022
SP01262;SP;4424,000;3380,000;1044,000;2706,000;2,000;0,074;0,037;0,059
SP01266;SP;2296,000;1623,000;673,000;1294,000;1,000;0,077;0,018;0,062
SP01267;SP;3668,000;2674,000;994,000;2188,000;1,000;0,046;0,018;0,037
SP01275;SP;8215,000;5845,000;2370,000;4919,000;1,000;0,020;0,018;0,017
SP01276;SP;5814,000;4245,000;1569,000;3567,000;7,000;0,196;0,129;0,165
SP01278;SP;6124,000;4326,000;1798,000;3583,000;2,000;0,056;0,037;0,046
SP01280;SP;5845,000;4462,000;1383,000;3757,000;1,000;0,027;0,018;0,022
SP01282;SP;8652,000;6512,000;2140,000;5430,000;1,000;0,018;0,018;0,015
SP01283;SP;4641,000;3663,000;978,000;3179,000;1,000;0,031;0,018;0,027
SP01285;SP;4343,000;3311,000;1032,000;2805,000;3,000;0,107;0,055;0,091
SP01286;SP;5329,000;4185,000;1144,000;3573,000;2,000;0,056;0,037;0,048
SP01287;SP;4630,000;3599,000;1031,000;3061,000;1,000;0,033;0,018;0,028
SP01288;SP;3628,000;2787,000;841,000;2393,000;2,000;0,084;0,037;0,072
SP01292;SP;5775,000;4372,000;1403,000;3718,000;1,000;0,027;0,018;0,023
SP01293;SP;8374,000;6450,000;1924,000;5532,000;2,000;0,036;0,037;0,031
SP01298;SP;4397,000;3285,000;1112,000;2749,000;2,000;0,073;0,037;0,061
SP01302;SP;2717,000;2088,000;629,000;1784,000;1,000;0,056;0,018;0,048
SP01305;SP;3647,000;2691,000;956,000;2223,000;1,000;0,045;0,018;0,037
SP01308;SP;4137,000;3151,000;986,000;2579,000;1,000;0,039;0,018;0,032
SP01309;SP;3292,000;2582,000;710,000;2150,000;1,000;0,047;0,018;0,039
SP01313;SP;5646,000;4362,000;1284,000;3544,000;3,000;0,085;0,055;0,069
SP01314;SP;4826,000;3450,000;1376,000;2922,000;1,000;0,034;0,018;0,029
SP01315;SP;5836,000;4110,000;1726,000;3568,000;2,000;0,056;0,037;0,049
SP01316;SP;6703,000;4570,000;2133,000;3887,000;1,000;0,026;0,018;0,022
SP01317;SP;7496,000;5230,000;2266,000;4360,000;1,000;0,023;0,018;0,019
SP01319;SP;6497,000;4542,000;1955,000;3670,000;1,000;0,027;0,018;0,022
SP01325;SP;2946,000;2309,000;637,000;1970,000;1,000;0,051;0,018;0,043
SP01327;SP;5676,000;4019,000;1657,000;3252,000;1,000;0,031;0,018;0,025
SP01328;SP;6187,000;4762,000;1425,000;4004,000;2,000;0,050;0,037;0,042
SP01329;SP;3596,000;2704,000;892,000;2290,000;1,000;0,044;0,018;0,037
SP01332;SP;5043,000;3673,000;1370,000;3047,000;1,000;0,033;0,018;0,027
SP01334;SP;5470,000;3996,000;1474,000;3334,000;1,000;0,030;0,018;0,025
SP01337;SP;5929,000;4445,000;1484,000;3629,000;1,000;0,028;0,018;0,022
SP01338;SP;10511,000;7553,000;2958,000;6278,000;1,000;0,016;0,018;0,013
SP01339;SP;6726,000;4990,000;1736,000;3954,000;1,000;0,025;0,018;0,020
SP01343;SP;2274,000;1747,000;527,000;1438,000;1,000;0,070;0,018;0,057
SP01347;SP;7950,000;5978,000;1972,000;5066,000;2,000;0,039;0,037;0,033
SP01348;SP;3369,000;2354,000;1015,000;1888,000;2,000;0,106;0,037;0,085
SP01349;SP;7723,000;5766,000;1957,000;4646,000;1,000;0,022;0,018;0,017
SP01350;SP;8729,000;6265,000;2464,000;5053,000;1,000;0,020;0,018;0,016
SP01352;SP;9339,000;6776,000;2563,000;5651,000;1,000;0,018;0,018;0,015
SP01353;SP;3717,000;2767,000;950,000;2349,000;1,000;0,043;0,018;0,036
SP01361;SP;7818,000;5512,000;2306,000;4598,000;3,000;0,065;0,055;0,054
SP01362;SP;7767,000;5488,000;2279,000;4591,000;2,000;0,044;0,037;0,036
SP01366;SP;6944,000;5099,000;1845,000;4243,000;2,000;0,047;0,037;0,039
SP01368;SP;6668,000;5077,000;1591,000;4150,000;1,000;0,024;0,018;0,020
SP01369;SP;3307,000;2556,000;751,000;2150,000;1,000;0,047;0,018;0,039
SP01370;SP;6243,000;4702,000;1541,000;3926,000;1,000;0,025;0,018;0,021
SP01371;SP;7808,000;5764,000;2044,000;4744,000;1,000;0,021;0,018;0,017
SP01373;SP;6512,000;4729,000;1783,000;3906,000;1,000;0,026;0,018;0,021
SP01375;SP;4586,000;3582,000;1004,000;2958,000;4,000;0,135;0,073;0,112
SP01380;SP;6398,000;4752,000;1646,000;3983,000;1,000;0,025;0,018;0,021
SP01381;SP;5235,000;3846,000;1389,000;3111,000;2,000;0,064;0,037;0,052
SP01384;SP;1615,000;1256,000;359,000;1024,000;4,000;0,391;0,073;0,318
SP01385;SP;2603,000;1862,000;741,000;1531,000;2,000;0,131;0,037;0,107
SP01386;SP;5463,000;4021,000;1442,000;3254,000;1,000;0,031;0,018;0,025
SP01387;SP;3279,000;2548,000;731,000;2113,000;1,000;0,047;0,018;0,039
SP01389;SP;5537,000;3939,000;1598,000;3325,000;1,000;0,030;0,018;0,025
SP01395;SP;5978,000;4264,000;1714,000;3711,000;3,000;0,081;0,055;0,070
SP01396;SP;6178,000;4398,000;1780,000;3609,000;1,000;0,028;0,018;0,023
SP01397;SP;8800,000;6245,000;2555,000;5280,000;3,000;0,057;0,055;0,048
SP01401;SP;8695,000;6029,000;2666,000;5349,000;1,000;0,019;0,018;0,017
SP01403;SP;4451,000;2899,000;1552,000;2519,000;2,000;0,079;0,037;0,069
SP01404;SP;6132,000;4322,000;1810,000;3778,000;4,000;0,106;0,073;0,093
SP01405;SP;6097,000;4577,000;1520,000;4036,000;3,000;0,074;0,055;0,066
SP01406;SP;4561,000;3277,000;1284,000;2840,000;7,000;0,246;0,129;0,214
SP01407;SP;5751,000;3974,000;1777,000;3419,000;1,000;0,029;0,018;0,025
SP01408;SP;3519,000;2466,000;1053,000;2143,000;2,000;0,093;0,037;0,081
SP01410;SP;6568,000;4871,000;1697,000;4389,000;2,000;0,046;0,037;0,041
SP01412;SP;6509,000;4892,000;1617,000;4139,000;3,000;0,072;0,055;0,061
SP01413;SP;5838,000;4146,000;1692,000;3467,000;1,000;0,029;0,018;0,024
SP01414;SP;11881,000;8889,000;2992,000;7501,000;3,000;0,040;0,055;0,034
SP01416;SP;3507,000;2633,000;874,000;2204,000;1,000;0,045;0,018;0,038
SP01422;SP;3948,000;3053,000;895,000;2612,000;4,000;0,153;0,073;0,131
SP01425;SP;3763,000;2914,000;849,000;2538,000;1,000;0,039;0,018;0,034
SP01426;SP;4324,000;3303,000;1021,000;2818,000;1,000;0,035;0,018;0,030
SP01427;SP;13842,000;9705,000;4137,000;8556,000;4,000;0,047;0,073;0,041
SP01429;SP;6808,000;4939,000;1869,000;4206,000;1,000;0,024;0,018;0,020
SP01430;SP;2960,000;2182,000;778,000;1879,000;1,000;0,053;0,018;0,046
SP01432;SP;2374,000;1762,000;612,000;1521,000;1,000;0,066;0,018;0,057
SP01433;SP;2066,000;1622,000;444,000;1356,000;1,000;0,074;0,018;0,062
SP01438;SP;7108,000;5103,000;2005,000;4345,000;1,000;0,023;0,018;0,020
SP01440;SP;4739,000;3347,000;1392,000;2705,000;3,000;0,111;0,055;0,090
SP01451;SP;4196,000;3104,000;1092,000;2494,000;1,000;0,040;0,018;0,032
SP01460;SP;3158,000;2407,000;751,000;1981,000;1,000;0,050;0,018;0,042
SP01467;SP;3037,000;2270,000;767,000;1875,000;1,000;0,053;0,018;0,044
SP01470;SP;3423,000;2517,000;906,000;2119,000;1,000;0,047;0,018;0,040
SP01473;SP;5784,000;3936,000;1848,000;3286,000;1,000;0,030;0,018;0,025
SP01474;SP;7185,000;5083,000;2102,000;4320,000;1,000;0,023;0,018;0,020
SP01475;SP;3961,000;2752,000;1209,000;2310,000;1,000;0,043;0,018;0,036
SP01476;SP;4315,000;3049,000;1266,000;2546,000;2,000;0,079;0,037;0,066
SP01477;SP;6382,000;4456,000;1926,000;3738,000;2,000;0,054;0,037;0,045
SP01478;SP;7765,000;5221,000;2544,000;4345,000;3,000;0,069;0,055;0,057
SP01479;SP;7013,000;5355,000;1658,000;4424,000;4,000;0,090;0,073;0,075
SP01480;SP;6794,000;4702,000;2092,000;3955,000;2,000;0,051;0,037;0,043
SP01481;SP;2868,000;2080,000;788,000;1681,000;3,000;0,178;0,055;0,144
SP01482;SP;6480,000;4781,000;1699,000;3882,000;3,000;0,077;0,055;0,063
SP01483;SP;5423,000;3997,000;1426,000;3341,000;2,000;0,060;0,037;0,050
SP01484;SP;4803,000;3637,000;1166,000;3023,000;1,000;0,033;0,018;0,027
SP01485;SP;4366,000;3308,000;1058,000;2767,000;3,000;0,108;0,055;0,091
SP01486;SP;6492,000;4955,000;1537,000;4168,000;1,000;0,024;0,018;0,020
SP01487;SP;5209,000;4004,000;1205,000;3388,000;1,000;0,030;0,018;0,025
SP01488;SP;4853,000;3805,000;1048,000;3190,000;1,000;0,031;0,018;0,026
SP01489;SP;7577,000;5491,000;2086,000;4714,000;5,000;0,106;0,092;0,091
SP01490;SP;5134,000;3970,000;1164,000;3327,000;2,000;0,060;0,037;0,050
SP01491;SP;4927,000;3538,000;1389,000;2917,000;1,000;0,034;0,018;0,028
SP01494;SP;6825,000;4925,000;1900,000;4104,000;10,000;0,244;0,184;0,203
SP01495;SP;5651,000;4282,000;1369,000;3551,000;2,000;0,056;0,037;0,047
SP01496;SP;5781,000;4430,000;1351,000;3721,000;4,000;0,107;0,073;0,090
SP01497;SP;5264,000;3875,000;1389,000;3261,000;3,000;0,092;0,055;0,077
SP01498;SP;5725,000;4260,000;1465,000;3481,000;1,000;0,029;0,018;0,023
SP01500;SP;1399,000;1031,000;368,000;873,000;1,000;0,115;0,018;0,097
SP01501;SP;923,000;701,000;222,000;595,000;2,000;0,336;0,037;0,285
SP01502;SP;4069,000;3074,000;995,000;2489,000;3,000;0,121;0,055;0,098
SP01503;SP;5963,000;4430,000;1533,000;3628,000;1,000;0,028;0,018;0,023
SP01504;SP;3973,000;2869,000;1104,000;2402,000;3,000;0,125;0,055;0,105
SP01507;SP;2166,000;1623,000;543,000;1390,000;1,000;0,072;0,018;0,062
SP01509;SP;2116,000;1553,000;563,000;1253,000;1,000;0,080;0,018;0,064
SP01510;SP;2124,000;1616,000;508,000;1309,000;1,000;0,076;0,018;0,062
SP01512;SP;1736,000;1367,000;369,000;1142,000;2,000;0,175;0,037;0,146
SP01513;SP;3487,000;2433,000;1054,000;2006,000;3,000;0,150;0,055;0,123
SP01518;SP;6543,000;4968,000;1575,000;4096,000;1,000;0,024;0,018;0,020
SP01521;SP;6526,000;4864,000;1662,000;4159,000;1,000;0,024;0,018;0,021
SP01523;SP;6929,000;5448,000;1481,000;4659,000;1,000;0,021;0,018;0,018
SP01525;SP;5422,000;3635,000;1787,000;2997,000;2,000;0,067;0,037;0,055
SP01526;SP;5784,000;4463,000;1321,000;3807,000;1,000;0,026;0,018;0,022
SP01528;SP;3192,000;2439,000;753,000;2080,000;1,000;0,048;0,018;0,041
SP01529;SP;8092,000;6107,000;1985,000;5030,000;1,000;0,020;0,018;0,016
SP01530;SP;4997,000;3947,000;1050,000;3258,000;2,000;0,061;0,037;0,051
SP01533;SP;7786,000;5910,000;1876,000;5039,000;1,000;0,020;0,018;0,017
SP01538;SP;4587,000;3519,000;1068,000;2931,000;3,000;0,102;0,055;0,085
SP01543;SP;6952,000;5280,000;1672,000;4396,000;1,000;0,023;0,018;0,019
SP01547;SP;2943,000;2176,000;767,000;1791,000;3,000;0,168;0,055;0,138
SP01548;SP;5863,000;4587,000;1276,000;3782,000;3,000;0,079;0,055;0,065
SP01549;SP;4270,000;3162,000;1108,000;2619,000;1,000;0,038;0,018;0,032
SP01554;SP;5840,000;4399,000;1441,000;3656,000;1,000;0,027;0,018;0,023
SP01557;SP;2937,000;1989,000;948,000;1611,000;1,000;0,062;0,018;0,050
SP01558;SP;4788,000;3601,000;1187,000;2955,000;1,000;0,034;0,018;0,028
SP01559;SP;1425,000;1130,000;295,000;925,000;4,000;0,432;0,073;0,354
SP01562;SP;1550,000;1175,000;375,000;980,000;1,000;0,102;0,018;0,085
SP01574;SP;7876,000;5506,000;2370,000;4641,000;46,000;0,991;0,845;0,835
SP01575;SP;4037,000;2763,000;1274,000;2347,000;26,000;1,108;0,477;0,941
SP01576;SP;4532,000;3498,000;1034,000;2944,000;11,000;0,374;0,202;0,314
SP01577;SP;4405,000;3382,000;1023,000;2871,000;21,000;0,731;0,386;0,621
SP01578;SP;5035,000;3915,000;1120,000;3263,000;11,000;0,337;0,202;0,281
SP01579;SP;3634,000;2823,000;811,000;2348,000;5,000;0,213;0,092;0,177
SP01580;SP;12295,000;8363,000;3932,000;6990,000;396,000;5,665;7,270;4,735
SP01581;SP;5066,000;3570,000;1496,000;3039,000;207,000;6,811;3,800;5,798
SP01582;SP;5360,000;3974,000;1386,000;3379,000;229,000;6,777;4,204;5,762
SP01583;SP;5432,000;4096,000;1336,000;3442,000;259,000;7,525;4,755;6,323
SP01584;SP;4414,000;3438,000;976,000;2829,000;210,000;7,423;3,855;6,108
SP01585;SP;5347,000;3952,000;1395,000;3209,000;148,000;4,612;2,717;3,745
SP01586;SP;4583,000;3528,000;1055,000;3021,000;253,000;8,375;4,645;7,171
SP01587;SP;2480,000;1899,000;581,000;1615,000;115,000;7,121;2,111;6,056
SP01588;SP;4161,000;3146,000;1015,000;2747,000;29,000;1,056;0,532;0,922
SP01589;SP;5101,000;3963,000;1138,000;3337,000;5,000;0,150;0,092;0,126
SP01590;SP;2697,000;2047,000;650,000;1741,000;6,000;0,345;0,110;0,293
SP01591;SP;5257,000;4209,000;1048,000;3614,000;31,000;0,858;0,569;0,737
SP01592;SP;5927,000;4366,000;1561,000;3664,000;223,000;6,086;4,094;5,108
SP01593;SP;3907,000;3008,000;899,000;2558,000;16,000;0,625;0,294;0,532
SP01594;SP;3504,000;2794,000;710,000;2366,000;8,000;0,338;0,147;0,286
SP01595;SP;3343,000;2577,000;766,000;2170,000;4,000;0,184;0,073;0,155
SP01596;SP;3064,000;2318,000;746,000;1886,000;134,000;7,105;2,460;5,781
SP01597;SP;2735,000;2080,000;655,000;1731,000;136,000;7,857;2,497;6,538
SP01598;SP;2456,000;1811,000;645,000;1493,000;3,000;0,201;0,055;0,166
SP01599;SP;4566,000;3418,000;1148,000;2825,000;15,000;0,531;0,275;0,439
SP01600;SP;2074,000;1607,000;467,000;1330,000;15,000;1,128;0,275;0,933
SP01601;SP;1244,000;1003,000;241,000;850,000;5,000;0,588;0,092;0,499
SP01602;SP;5026,000;3719,000;1307,000;3000,000;35,000;1,167;0,643;0,941
SP01603;SP;3140,000;2352,000;788,000;1886,000;156,000;8,271;2,864;6,633
SP01604;SP;2213,000;1640,000;573,000;1350,000;142,000;10,519;2,607;8,659
SP01605;SP;2247,000;1702,000;545,000;1425,000;110,000;7,719;2,019;6,463
SP01606;SP;3909,000;2776,000;1133,000;2270,000;226,000;9,956;4,149;8,141
SP01607;SP;1156,000;906,000;250,000;769,000;2,000;0,260;0,037;0,221
SP01608;SP;2455,000;1874,000;581,000;1552,000;1,000;0,064;0,018;0,053
SP01609;SP;4359,000;3104,000;1255,000;2531,000;13,000;0,514;0,239;0,419
SP01610;SP;3105,000;2321,000;784,000;1935,000;19,000;0,982;0,349;0,819
SP01612;SP;5316,000;3928,000;1388,000;3419,000;1,000;0,029;0,018;0,025
SP01613;SP;5274,000;3845,000;1429,000;3229,000;2,000;0,062;0,037;0,052
SP01614;SP;5270,000;3880,000;1390,000;3345,000;2,000;0,060;0,037;0,052
SP01618;SP;8129,000;6088,000;2041,000;4942,000;1,000;0,020;0,018;0,016
SP01622;SP;4052,000;2947,000;1105,000;2495,000;2,000;0,080;0,037;0,068
SP01623;SP;3923,000;2803,000;1120,000;2393,000;2,000;0,084;0,037;0,071
SP01624;SP;7719,000;5518,000;2201,000;4630,000;1,000;0,022;0,018;0,018
SP01629;SP;3617,000;2806,000;811,000;2389,000;1,000;0,042;0,018;0,036
SP01630;SP;1721,000;1304,000;417,000;1090,000;1,000;0,092;0,018;0,077
SP01631;SP;3548,000;2705,000;843,000;2284,000;1,000;0,044;0,018;0,037
SP01632;SP;5894,000;4098,000;1796,000;3431,000;1,000;0,029;0,018;0,024
SP01633;SP;5184,000;3704,000;1480,000;3122,000;1,000;0,032;0,018;0,027
SP01635;SP;6200,000;4212,000;1988,000;3548,000;2,000;0,056;0,037;0,047
SP01640;SP;2145,000;1572,000;573,000;1333,000;8,000;0,600;0,147;0,509
SP01645;SP;4193,000;2916,000;1277,000;2472,000;1,000;0,040;0,018;0,034
SP01646;SP;4342,000;3429,000;913,000;2817,000;5,000;0,177;0,092;0,146
SP01648;SP;5393,000;4065,000;1328,000;3385,000;1,000;0,030;0,018;0,025
SP01649;SP;3698,000;2822,000;876,000;2374,000;2,000;0,084;0,037;0,071
SP01651;SP;6989,000;5363,000;1626,000;4534,000;2,000;0,044;0,037;0,037
SP01653;SP;1349,000;1101,000;248,000;921,000;1,000;0,109;0,018;0,091
SP01654;SP;4908,000;3591,000;1317,000;3061,000;3,000;0,098;0,055;0,084
SP01656;SP;5925,000;4175,000;1750,000;3558,000;1,000;0,028;0,018;0,024
SP01661;SP;4921,000;3565,000;1356,000;3038,000;1,000;0,033;0,018;0,028
SP01662;SP;5362,000;3769,000;1593,000;3191,000;1,000;0,031;0,018;0,027
SP01664;SP;4100,000;3227,000;873,000;2743,000;1,000;0,036;0,018;0,031
SP01665;SP;2933,000;2048,000;885,000;1706,000;1,000;0,059;0,018;0,049
SP01668;SP;1231,000;960,000;271,000;794,000;1,000;0,126;0,018;0,104
SP01670;SP;2365,000;1842,000;523,000;1519,000;1,000;0,066;0,018;0,054
SP01675;SP;7296,000;5435,000;1861,000;4628,000;1,000;0,022;0,018;0,018
SP01676;SP;7202,000;5553,000;1649,000;4501,000;1,000;0,022;0,018;0,018
SP01680;SP;5598,000;4355,000;1243,000;3657,000;1,000;0,027;0,018;0,023
SP01683;SP;4635,000;3492,000;1143,000;2877,000;3,000;0,104;0,055;0,086
SP01686;SP;7314,000;5422,000;1892,000;4542,000;1,000;0,022;0,018;0,018
SP01689;SP;4779,000;3653,000;1126,000;2960,000;2,000;0,068;0,037;0,055
SP01690;SP;3916,000;3033,000;883,000;2511,000;1,000;0,040;0,018;0,033
SP01697;SP;6299,000;4729,000;1570,000;4049,000;1,000;0,025;0,018;0,021
SP01705;SP;1680,000;1237,000;443,000;999,000;1,000;0,100;0,018;0,081
SP01706;SP;6272,000;4442,000;1830,000;3788,000;2,000;0,053;0,037;0,045
SP01707;SP;5330,000;3733,000;1597,000;3140,000;6,000;0,191;0,110;0,161
SP01708;SP;4897,000;3752,000;1145,000;3009,000;5,000;0,166;0,092;0,133
SP01709;SP;5123,000;4026,000;1097,000;3430,000;1,000;0,029;0,018;0,025
SP01710;SP;4727,000;3480,000;1247,000;2859,000;4,000;0,140;0,073;0,115
SP01711;SP;2862,000;2103,000;759,000;1740,000;2,000;0,115;0,037;0,095
SP01712;SP;3629,000;2848,000;781,000;2457,000;2,000;0,081;0,037;0,070
SP01713;SP;4285,000;3322,000;963,000;2877,000;2,000;0,070;0,037;0,060
SP01714;SP;3989,000;2965,000;1024,000;2432,000;3,000;0,123;0,055;0,101
SP01715;SP;3987,000;2703,000;1284,000;2302,000;9,000;0,391;0,165;0,333
SP01716;SP;3015,000;2185,000;830,000;1849,000;8,000;0,433;0,147;0,366
SP01717;SP;3491,000;2515,000;976,000;2185,000;7,000;0,320;0,129;0,278
SP01718;SP;6133,000;4462,000;1671,000;3746,000;8,000;0,214;0,147;0,179
SP01719;SP;5072,000;3667,000;1405,000;3138,000;11,000;0,351;0,202;0,300
SP01720;SP;4886,000;3771,000;1115,000;3270,000;17,000;0,520;0,312;0,451
SP01721;SP;3300,000;2518,000;782,000;2118,000;5,000;0,236;0,092;0,199
SP01722;SP;4433,000;3424,000;1009,000;2973,000;7,000;0,235;0,129;0,204
SP01723;SP;2776,000;2110,000;666,000;1723,000;6,000;0,348;0,110;0,284
SP01724;SP;5829,000;4472,000;1357,000;3791,000;11,000;0,290;0,202;0,246
SP01725;SP;6477,000;4901,000;1576,000;4149,000;29,000;0,699;0,532;0,592
SP01726;SP;4123,000;3080,000;1043,000;2542,000;13,000;0,511;0,239;0,422
SP01727;SP;4196,000;3134,000;1062,000;2630,000;8,000;0,304;0,147;0,255
SP01728;SP;3507,000;2774,000;733,000;2436,000;1,000;0,041;0,018;0,036
SP01729;SP;3858,000;2903,000;955,000;2392,000;16,000;0,669;0,294;0,551
SP01730;SP;1570,000;1190,000;380,000;978,000;2,000;0,204;0,037;0,168
SP01731;SP;1980,000;1505,000;475,000;1257,000;5,000;0,398;0,092;0,332
SP01732;SP;5337,000;4122,000;1215,000;3348,000;18,000;0,538;0,330;0,437
SP01733;SP;4951,000;3567,000;1384,000;2964,000;24,000;0,810;0,441;0,673
SP01734;SP;4835,000;3770,000;1065,000;3245,000;9,000;0,277;0,165;0,239
SP01735;SP;2431,000;1787,000;644,000;1502,000;6,000;0,399;0,110;0,336
SP01736;SP;2336,000;1745,000;591,000;1472,000;11,000;0,747;0,202;0,630
SP01737;SP;4533,000;3032,000;1501,000;2598,000;25,000;0,962;0,459;0,825
SP01738;SP;6502,000;4692,000;1810,000;3933,000;36,000;0,915;0,661;0,767
SP01739;SP;4727,000;3508,000;1219,000;2932,000;15,000;0,512;0,275;0,428
SP01740;SP;5160,000;3900,000;1260,000;3207,000;32,000;0,998;0,587;0,821
SP01741;SP;2084,000;1633,000;451,000;1382,000;15,000;1,085;0,275;0,919
SP01742;SP;2540,000;1993,000;547,000;1660,000;6,000;0,361;0,110;0,301
SP01743;SP;4150,000;3091,000;1059,000;2542,000;9,000;0,354;0,165;0,291
SP01744;SP;2443,000;1903,000;540,000;1614,000;10,000;0,620;0,184;0,525
SP01745;SP;3806,000;2617,000;1189,000;2071,000;16,000;0,773;0,294;0,611
SP01746;SP;1007,000;705,000;302,000;558,000;1,000;0,179;0,018;0,142
SP01747;SP;2073,000;1508,000;565,000;1224,000;6,000;0,490;0,110;0,398
SP01748;SP;3372,000;2550,000;822,000;2096,000;19,000;0,906;0,349;0,745
SP01749;SP;3518,000;2677,000;841,000;2231,000;23,000;1,031;0,422;0,859
SP01750;SP;1938,000;1587,000;351,000;1344,000;9,000;0,670;0,165;0,567
SP01751;SP;1150,000;869,000;281,000;700,000;7,000;1,000;0,129;0,806
SP01753;SP;5888,000;4237,000;1651,000;3550,000;1,000;0,028;0,018;0,024
SP01755;SP;4747,000;3670,000;1077,000;3180,000;1,000;0,031;0,018;0,027
SP01765;SP;3450,000;2545,000;905,000;2124,000;1,000;0,047;0,018;0,039
SP01767;SP;5732,000;4162,000;1570,000;3518,000;1,000;0,028;0,018;0,024
SP01769;SP;4801,000;3442,000;1359,000;2891,000;1,000;0,035;0,018;0,029
SP01770;SP;6174,000;4477,000;1697,000;3720,000;2,000;0,054;0,037;0,045
SP01772;SP;6424,000;4687,000;1737,000;3846,000;1,000;0,026;0,018;0,021
SP01789;SP;5960,000;4385,000;1575,000;3608,000;1,000;0,028;0,018;0,023
SP01792;SP;4050,000;2861,000;1189,000;2330,000;2,000;0,086;0,037;0,070
SP01795;SP;3220,000;2405,000;815,000;2019,000;1,000;0,050;0,018;0,042
SP01796;SP;5940,000;4145,000;1795,000;3466,000;6,000;0,173;0,110;0,145
SP01797;SP;6711,000;4719,000;1992,000;3984,000;1,000;0,025;0,018;0,021
SP01798;SP;7205,000;5180,000;2025,000;4415,000;1,000;0,023;0,018;0,019
SP01800;SP;8375,000;5972,000;2403,000;5040,000;1,000;0,020;0,018;0,017
SP01801;SP;4591,000;3418,000;1173,000;2903,000;1,000;0,034;0,018;0,029
SP01802;SP;4568,000;3396,000;1172,000;2879,000;1,000;0,035;0,018;0,029
SP01804;SP;6591,000;4968,000;1623,000;4178,000;3,000;0,072;0,055;0,060
SP01805;SP;5577,000;4145,000;1432,000;3471,000;1,000;0,029;0,018;0,024
SP01807;SP;4489,000;3336,000;1153,000;2767,000;1,000;0,036;0,018;0,030
SP01808;SP;2234,000;1638,000;596,000;1322,000;3,000;0,227;0,055;0,183
SP01809;SP;4775,000;3643,000;1132,000;3094,000;1,000;0,032;0,018;0,027
SP01811;SP;6412,000;4710,000;1702,000;3911,000;1,000;0,026;0,018;0,021
SP01814;SP;4705,000;3560,000;1145,000;2954,000;3,000;0,102;0,055;0,084
SP01816;SP;3092,000;2313,000;779,000;1986,000;1,000;0,050;0,018;0,043
SP01819;SP;6180,000;4697,000;1483,000;3886,000;1,000;0,026;0,018;0,021
SP01820;SP;8046,000;5660,000;2386,000;4881,000;1,000;0,020;0,018;0,018
SP01822;SP;6815,000;4948,000;1867,000;4153,000;1,000;0,024;0,018;0,020
SP01823;SP;7272,000;5078,000;2194,000;4264,000;2,000;0,047;0,037;0,039
SP01825;SP;5132,000;3457,000;1675,000;3002,000;2,000;0,067;0,037;0,058
SP01828;SP;8402,000;6116,000;2286,000;5090,000;1,000;0,020;0,018;0,016
SP01829;SP;6875,000;5127,000;1748,000;4366,000;1,000;0,023;0,018;0,020
SP01833;SP;6103,000;4442,000;1661,000;3955,000;1,000;0,025;0,018;0,023
SP01836;SP;6148,000;4540,000;1608,000;3783,000;1,000;0,026;0,018;0,022
SP01839;SP;3350,000;2459,000;891,000;2084,000;2,000;0,096;0,037;0,081
SP01842;SP;5313,000;4084,000;1229,000;3333,000;2,000;0,060;0,037;0,049
SP01845;SP;6584,000;4733,000;1851,000;3854,000;1,000;0,026;0,018;0,021
SP01854;SP;5482,000;3816,000;1666,000;3154,000;1,000;0,032;0,018;0,026
SP01855;SP;3678,000;2595,000;1083,000;2177,000;2,000;0,092;0,037;0,077
SP01858;SP;8697,000;5871,000;2826,000;5026,000;2,000;0,040;0,037;0,034
SP01859;SP;6287,000;4438,000;1849,000;3780,000;1,000;0,026;0,018;0,023
SP01861;SP;5487,000;3813,000;1674,000;3319,000;2,000;0,060;0,037;0,052
SP01864;SP;4267,000;3041,000;1226,000;2596,000;1,000;0,039;0,018;0,033
SP01865;SP;4732,000;3337,000;1395,000;2900,000;1,000;0,034;0,018;0,030
SP01868;SP;4200,000;3182,000;1018,000;2758,000;1,000;0,036;0,018;0,031
SP01869;SP;5661,000;4238,000;1423,000;3691,000;4,000;0,108;0,073;0,094
SP01872;SP;7613,000;5835,000;1778,000;5033,000;4,000;0,079;0,073;0,069
SP01873;SP;2770,000;2105,000;665,000;1871,000;1,000;0,053;0,018;0,048
SP01875;SP;5494,000;4292,000;1202,000;3611,000;1,000;0,028;0,018;0,023
SP01876;SP;4608,000;3496,000;1112,000;3087,000;4,000;0,130;0,073;0,114
SP01878;SP;4970,000;3583,000;1387,000;2983,000;1,000;0,034;0,018;0,028
SP01879;SP;5975,000;4650,000;1325,000;3979,000;1,000;0,025;0,018;0,022
SP01880;SP;4589,000;3325,000;1264,000;2844,000;1,000;0,035;0,018;0,030
SP01881;SP;7339,000;5302,000;2037,000;4562,000;2,000;0,044;0,037;0,038
SP01882;SP;1632,000;1172,000;460,000;988,000;1,000;0,101;0,018;0,085
SP01883;SP;5157,000;3842,000;1315,000;3197,000;1,000;0,031;0,018;0,026
SP01884;SP;7365,000;5467,000;1898,000;4519,000;1,000;0,022;0,018;0,018
SP01885;SP;1800,000;1407,000;393,000;1174,000;1,000;0,085;0,018;0,071
SP01887;SP;11149,000;7662,000;3487,000;6482,000;2,000;0,031;0,037;0,026
SP01888;SP;5852,000;4299,000;1553,000;3704,000;2,000;0,054;0,037;0,047
SP01890;SP;5322,000;3800,000;1522,000;3207,000;1,000;0,031;0,018;0,026
SP01894;SP;7264,000;5494,000;1770,000;4613,000;2,000;0,043;0,037;0,036
SP01903;SP;5816,000;4296,000;1520,000;3620,000;2,000;0,055;0,037;0,047
SP01904;SP;6994,000;4857,000;2137,000;4189,000;1,000;0,024;0,018;0,021
SP01907;SP;5356,000;4156,000;1200,000;3425,000;1,000;0,029;0,018;0,024
SP01914;SP;5492,000;3919,000;1573,000;3429,000;1,000;0,029;0,018;0,026
SP01920;SP;5883,000;4213,000;1670,000;3594,000;1,000;0,028;0,018;0,024
SP01923;SP;4807,000;3422,000;1385,000;3020,000;2,000;0,066;0,037;0,058
SP01928;SP;4314,000;2942,000;1372,000;2411,000;1,000;0,041;0,018;0,034
SP01930;SP;4667,000;3372,000;1295,000;2823,000;1,000;0,035;0,018;0,030
SP01932;SP;6660,000;4948,000;1712,000;3975,000;1,000;0,025;0,018;0,020
SP01937;SP;2730,000;2058,000;672,000;1763,000;2,000;0,113;0,037;0,097
SP01939;SP;6689,000;4917,000;1772,000;4007,000;2,000;0,050;0,037;0,041
SP01948;SP;4518,000;3392,000;1126,000;2842,000;1,000;0,035;0,018;0,029
SP01950;SP;3678,000;2686,000;992,000;2085,000;1,000;0,048;0,018;0,037
SP01956;SP;2217,000;1704,000;513,000;1444,000;1,000;0,069;0,018;0,059
SP01957;SP;4354,000;2954,000;1400,000;2548,000;2,000;0,078;0,037;0,068
SP01961;SP;5779,000;4031,000;1748,000;3463,000;1,000;0,029;0,018;0,025
SP01962;SP;7108,000;5093,000;2015,000;4362,000;1,000;0,023;0,018;0,020
SP01963;SP;6175,000;4386,000;1789,000;3833,000;1,000;0,026;0,018;0,023
SP01968;SP;6332,000;4433,000;1899,000;3881,000;3,000;0,077;0,055;0,068
SP01971;SP;4710,000;3628,000;1082,000;3134,000;2,000;0,064;0,037;0,055
SP01972;SP;4287,000;3177,000;1110,000;2711,000;1,000;0,037;0,018;0,031
SP01981;SP;3490,000;2616,000;874,000;2256,000;1,000;0,044;0,018;0,038
SP01988;SP;5876,000;4116,000;1760,000;3522,000;2,000;0,057;0,037;0,049
SP01990;SP;6386,000;4883,000;1503,000;4034,000;1,000;0,025;0,018;0,020
SP01994;SP;8040,000;6246,000;1794,000;5147,000;2,000;0,039;0,037;0,032
SP01997;SP;6927,000;5249,000;1678,000;4360,000;2,000;0,046;0,037;0,038
SP01998;SP;6178,000;4568,000;1610,000;3831,000;3,000;0,078;0,055;0,066
SP02001;SP;3226,000;2487,000;739,000;1984,000;1,000;0,050;0,018;0,040
SP02005;SP;4698,000;3512,000;1186,000;2845,000;1,000;0,035;0,018;0,028
SP02011;SP;1844,000;1364,000;480,000;1118,000;1,000;0,089;0,018;0,073
SP02015;SP;6390,000;4422,000;1968,000;3666,000;1,000;0,027;0,018;0,023
SP02016;SP;3949,000;2736,000;1213,000;2336,000;1,000;0,043;0,018;0,037
SP02018;SP;4910,000;3391,000;1519,000;2745,000;5,000;0,182;0,092;0,147
SP02023;SP;6925,000;5198,000;1727,000;4333,000;2,000;0,046;0,037;0,038
SP02024;SP;5319,000;3670,000;1649,000;3226,000;2,000;0,062;0,037;0,054
SP02025;SP;4781,000;3417,000;1364,000;3034,000;3,000;0,099;0,055;0,088
SP02026;SP;6348,000;4500,000;1848,000;3840,000;1,000;0,026;0,018;0,022
SP02028;SP;7224,000;4975,000;2249,000;4154,000;3,000;0,072;0,055;0,060
SP02029;SP;6908,000;4822,000;2086,000;4034,000;3,000;0,074;0,055;0,062
SP02031;SP;5725,000;4113,000;1612,000;3423,000;5,000;0,146;0,092;0,122
SP02032;SP;4842,000;3184,000;1658,000;2718,000;2,000;0,074;0,037;0,063
SP02033;SP;7687,000;5697,000;1990,000;4752,000;1,000;0,021;0,018;0,018
SP02035;SP;4577,000;3611,000;966,000;3053,000;1,000;0,033;0,018;0,028
SP02037;SP;3883,000;2872,000;1011,000;2425,000;1,000;0,041;0,018;0,035
SP02038;SP;5939,000;4569,000;1370,000;3984,000;2,000;0,050;0,037;0,044
SP02040;SP;2652,000;1987,000;665,000;1680,000;2,000;0,119;0,037;0,101
SP02043;SP;1561,000;1159,000;402,000;991,000;1,000;0,101;0,018;0,086
SP02044;SP;1543,000;1193,000;350,000;1063,000;1,000;0,094;0,018;0,084
SP02046;SP;1856,000;1432,000;424,000;1244,000;4,000;0,322;0,073;0,279
SP02049;SP;2278,000;1738,000;540,000;1487,000;3,000;0,202;0,055;0,173
SP02050;SP;3558,000;2718,000;840,000;2303,000;5,000;0,217;0,092;0,184
SP02051;SP;4627,000;3564,000;1063,000;3165,000;1,000;0,032;0,018;0,028
SP02052;SP;4927,000;3580,000;1347,000;3044,000;6,000;0,197;0,110;0,168
SP02053;SP;3844,000;2932,000;912,000;2581,000;1,000;0,039;0,018;0,034
SP02056;SP;3560,000;2821,000;739,000;2491,000;1,000;0,040;0,018;0,035
SP02058;SP;3951,000;2944,000;1007,000;2403,000;1,000;0,042;0,018;0,034
